Date,Open,High,Low,Close,Volume,Adj Close,Num_deals,Value,Change,Change_per
2014-06-19,33.7,33.9,33.6,33.9,"87,896",33.9,70,"2,962,142.30",0.1,0.3
2014-06-18,33.5,33.8,33.5,33.8,"160,208",33.8,87,"5,403,636.00",0.5,1.5
2014-06-17,33.5,33.5,33.3,33.3,"68,793",33.3,53,"2,294,453.00",-0.2,-0.6
2014-06-16,33.5,33.5,33.5,33.5,"33,662",33.5,57,"1,128,541.50",0,0
2014-06-15,33.8,33.9,33.5,33.5,"177,130",33.5,106,"5,968,876.60",-1,-2.9
2014-06-12,34.2,34.6,34.1,34.5,"182,907",34.5,110,"6,304,490.40",-0.2,-0.58
2014-06-11,34.1,34.7,33.8,34.7,"245,521",34.7,163,"8,358,657.80",0.9,2.66
2014-06-10,33,33.8,33,33.8,"444,778",33.8,257,"14,772,749.50",0.8,2.42
2014-06-09,33.3,33.4,33,33,"206,216",33,148,"6,826,412.50",-0.5,-1.49
2014-06-08,33.2,33.5,33.2,33.5,"125,105",33.5,94,"4,163,142.10",0.2,0.6
2014-06-05,38.3,38.8,38.1,38.4,"732,296",38.4,234,"28,101,521.75",0.1,0.26
2014-06-04,38.1,38.6,37.9,38.3,"579,938",38.3,205,"22,255,347.75",0.4,1.06
2014-06-03,37.5,37.9,37.3,37.9,"361,410",37.9,236,"13,572,526.25",-0.2,-0.52
2014-06-02,38.3,38.6,37.5,38.1,"799,979",38.1,221,"30,458,325.25",0,0
2014-06-01,38.4,38.8,38.1,38.1,"291,446",38.1,125,"11,189,867.75",-0.5,-1.3
2014-05-29,39.4,39.6,37.9,38.6,"801,584",38.6,329,"30,853,790.50",-0.4,-1.03
2014-05-28,39.6,39.6,38.8,39,"368,117",39,163,"14,397,063.00",-0.2,-0.51
2014-05-27,38.4,39.8,38.3,39.2,"429,299",39.2,181,"16,850,153.50",0.8,2.08
2014-05-26,38.6,39.6,38.3,38.4,"850,043",38.4,364,"33,134,052.50",-0.4,-1.03
2014-05-25,38.3,38.8,38.1,38.8,"298,235",38.8,118,"11,501,982.50",0.5,1.31
2014-05-22,37.9,38.6,37.5,38.3,"262,785",38.3,201,"10,041,493.50",0.6,1.59
2014-05-21,37.3,38.3,37.3,37.7,"231,826",37.7,152,"8,834,164.85",0.3,0.8
2014-05-20,36.9,37.7,36.9,37.4,"388,436",37.4,176,"14,523,826.50",0.6,1.63
2014-05-19,36.2,37,36.2,36.8,"542,782",36.8,239,"19,870,609.40",0.8,2.22
2014-05-18,36.5,36.5,35.9,36,"350,262",36,196,"12,661,596.70",-0.4,-1.1
2014-05-15,36.2,36.5,35.7,36.4,"637,828",36.4,180,"22,989,242.90",0.2,0.55
2014-05-14,36.4,36.5,36.2,36.2,"65,781",36.2,66,"2,391,921.10",-0.2,-0.55
2014-05-13,36.8,36.8,36.3,36.4,"66,854",36.4,78,"2,445,609.80",-0.3,-0.82
2014-05-12,37.1,37.1,36.6,36.7,"90,732",36.7,70,"3,343,291.00",-0.1,-0.27
2014-05-11,36.7,36.8,36.5,36.8,"192,483",36.8,101,"7,061,588.10",0,0
2014-05-08,37.1,37.1,36.8,36.8,"83,643",36.8,70,"3,088,501.00",-0.3,-0.81
2014-05-07,37.4,37.5,36.8,37.1,"148,575",37.1,94,"5,542,348.40",-0.4,-1.07
2014-05-06,36.4,37.9,36.4,37.5,"970,501",37.5,407,"36,105,522.45",1.1,3.02
2014-05-05,36,36.4,35.9,36.4,"152,510",36.4,106,"5,508,193.80",0.2,0.55
2014-05-04,36.1,36.2,35.9,36.2,"267,560",36.2,144,"9,632,455.10",0.1,0.28
2014-05-01,36,36.2,36,36.1,"276,109",36.1,140,"9,973,579.10",0.1,0.28
2014-04-30,35.3,36.2,35.3,36,"686,102",36,291,"24,615,443.10",1,2.86
2014-04-29,34,35,33.9,35,"941,871",35,315,"32,495,729.90",1.1,3.24
2014-04-28,34,34,33.7,33.9,"251,388",33.9,97,"8,491,832.40",0.3,0.89
2014-04-27,33.4,33.8,33.4,33.6,"209,980",33.6,134,"7,054,477.20",0.2,0.6
2014-04-24,33.2,33.5,33,33.3,"236,425",33.3,165,"7,855,474.30",0.1,0.3
2014-04-23,33.7,33.7,33.2,33.2,"139,979",33.2,151,"4,668,490.10",-0.2,-0.6
2014-04-22,34.4,34.4,33.4,33.4,"188,434",33.4,103,"6,328,179.60",-0.4,-1.18
2014-04-21,34.1,34.1,33.8,33.8,"77,366",33.8,38,"2,634,992.00",-0.3,-0.88
2014-04-20,34.3,34.5,34,34.1,"198,458",34.1,114,"6,774,229.20",-0.5,-1.45
2014-04-17,34.6,34.6,34.4,34.6,"40,935",34.6,33,"1,413,232.30",0.2,0.58
2014-04-16,34.2,34.5,34,34.4,"56,224",34.4,55,"1,924,319.00",-0.2,-0.58
2014-04-15,35,35,34.6,34.6,"138,278",34.6,56,"4,799,963.60",-0.4,-1.14
2014-04-14,34,35.3,34,35,"682,847",35,259,"23,727,500.10",1.5,4.48
2014-04-13,33.7,33.7,33.4,33.5,"234,411",33.5,70,"7,847,532.20",-0.1,-0.3
2014-04-10,33.8,33.8,33.3,33.6,"404,486",33.6,116,"13,519,346.60",-0.2,-0.59
2014-04-09,33.7,33.8,33.7,33.8,"102,557",33.8,82,"3,461,516.40",0.8,2.42
2014-04-08,33.5,33.5,32.6,33,"413,414",33,254,"13,622,578.00",-0.2,-0.6
2014-04-07,33.4,33.5,33.2,33.2,"108,345",33.2,105,"3,606,689.90",-0.1,-0.3
2014-04-06,33.5,33.6,33.3,33.3,"107,963",33.3,114,"3,613,678.00",-0.2,-0.6
2014-04-03,33.5,33.5,33.4,33.5,"143,226",33.5,118,"4,790,158.30",0,0
2014-04-02,33.4,33.8,33.4,33.5,"109,648",33.5,112,"3,680,184.00",-0.3,-0.89
2014-04-01,33.9,34,33.2,33.8,"331,706",33.8,209,"11,160,289.00",-0.1,-0.29
2014-03-31,33.9,34.1,33.6,33.9,"262,232",33.9,140,"8,870,361.90",-0.2,-0.59
2014-03-30,34.3,34.3,33.9,34.1,"157,177",34.1,103,"5,362,746.90",0.1,0.29
2014-03-27,34.2,34.4,34,34,"118,418",34,63,"4,042,675.80",-0.4,-1.16
2014-03-26,34.1,34.5,33.5,34.4,"113,794",34.4,126,"3,881,082.60",0.3,0.88
2014-03-25,34.1,34.2,34.1,34.1,"77,521",34.1,55,"2,643,257.70",0,0
2014-03-24,34.2,34.2,33.9,34.1,"95,919",34.1,109,"3,260,344.20",-0.3,-0.87
2014-03-23,34.4,34.7,34.4,34.4,"97,983",34.4,77,"3,383,036.10",0.1,0.29
2014-03-20,33.5,34.3,33.5,34.3,"111,032",34.3,108,"3,762,386.10",1,3
2014-03-19,33.8,33.8,33.3,33.3,"126,160",33.3,71,"4,220,923.70",0,0
2014-03-18,33.5,34.1,33.2,33.3,"369,659",33.3,174,"12,421,159.00",0,0
2014-03-17,33.8,33.8,33.3,33.3,"247,358",33.3,153,"8,283,422.50",-0.4,-1.19
2014-03-16,33.5,33.8,33.4,33.7,"281,926",33.7,100,"9,480,772.50",0,0
2014-03-13,33.8,34.1,33.5,33.7,"208,928",33.7,122,"7,006,593.30",0.2,0.6
2014-03-12,34.3,34.3,33,33.5,"814,441",33.5,347,"27,346,824.20",-1.5,-4.29
2014-03-11,35.3,35.4,34.9,35,"158,520",35,123,"5,570,179.40",-0.3,-0.85
2014-03-10,35.6,35.6,35.3,35.3,"116,610",35.3,68,"3,978,849.60",-0.3,-0.84
2014-03-09,35.3,35.6,35.3,35.6,"118,544",35.6,93,"4,210,536.90",0.6,1.71
2014-03-06,35.1,35.2,35,35,"130,473",35,106,"4,567,928.00",0,0
2014-03-05,36,36.2,34.7,35,"215,705",35,226,"7,599,456.30",-0.8,-2.23
2014-03-04,35.6,35.9,35.6,35.8,"139,715",35.8,87,"5,008,042.10",-0.1,-0.28
2014-03-03,35.6,36.2,35.6,35.9,"184,933",35.9,163,"6,661,776.80",0.5,1.41
2014-03-02,35.5,35.6,35.3,35.4,"314,900",35.4,218,"11,135,478.50",-0.1,-0.28
2014-02-27,35.9,35.9,35.3,35.5,"279,042",35.5,192,"9,903,019.20",-0.3,-0.84
2014-02-26,36,36,35.8,35.8,"116,693",35.8,66,"4,198,969.70",-0.4,-1.1
2014-02-25,36.2,36.2,36,36.2,"125,469",36.2,95,"4,526,635.00",-0.3,-0.82
2014-02-24,36.2,36.5,36,36.5,"201,511",36.5,105,"7,293,846.30",0.3,0.83
2014-02-23,36.4,36.5,36.2,36.2,"260,200",36.2,129,"9,470,724.40",-0.5,-1.36
2014-02-20,36.5,36.9,36.5,36.7,"251,988",36.7,153,"9,240,840.20",0.3,0.82
2014-02-19,36.5,36.5,36.2,36.4,"389,790",36.4,215,"14,165,887.70",-0.3,-0.82
2014-02-18,37.1,37.1,36.5,36.7,"562,347",36.7,210,"20,618,240.10",-0.4,-1.08
2014-02-17,37.3,37.3,37.1,37.1,"221,400",37.1,124,"8,223,765.70",-0.2,-0.54
2014-02-16,37.1,37.4,36.9,37.3,"328,144",37.3,140,"12,168,877.00",0.1,0.27
2014-02-13,37.2,37.5,37.1,37.2,"317,301",37.2,145,"11,836,115.30",0,0
2014-02-12,37.5,37.7,37.1,37.2,"629,564",37.2,271,"23,527,581.30",-0.7,-1.85
2014-02-11,38.3,38.3,37.7,37.9,"530,004",37.9,191,"20,132,555.75",-0.2,-0.52
2014-02-10,38.6,38.6,37.9,38.1,"304,448",38.1,137,"11,648,011.25",-0.5,-1.3
2014-02-09,38.6,38.8,38.1,38.6,"304,076",38.6,163,"11,664,501.00",-0.4,-1.03
2014-02-06,39,39,38.3,39,"363,812",39,147,"14,022,000.00",0,0
2014-02-05,38.1,39.2,38.1,39,"394,413",39,187,"15,369,113.25",1.1,2.9
2014-02-04,38.1,38.4,37.7,37.9,"483,193",37.9,208,"18,385,235.25",-0.2,-0.52
2014-02-03,38.6,38.8,37.7,38.1,"640,680",38.1,241,"24,903,719.75",-0.5,-1.3
2014-02-02,39.2,39.4,38.6,38.6,"301,678",38.6,194,"11,763,464.75",-0.6,-1.53
2014-01-30,40.1,40.3,39,39.2,"761,326",39.2,354,"30,139,833.50",-1.1,-2.73
2014-01-29,40.5,40.9,39.8,40.3,"587,881",40.3,333,"23,626,986.00",0,0
2014-01-28,40.3,40.5,39.8,40.3,"246,926",40.3,168,"9,927,753.50",-0.4,-0.98
2014-01-27,40.5,40.7,39.9,40.7,"341,574",40.7,202,"13,801,578.75",0.2,0.49
2014-01-26,39.8,40.5,39.2,40.5,"156,959",40.5,123,"6,249,686.00",0.9,2.27
2014-01-23,39.9,39.9,39.4,39.6,"360,446",39.6,190,"14,306,398.50",-0.7,-1.74
2014-01-22,40.7,40.9,40.1,40.3,"543,568",40.3,150,"22,032,777.50",-0.8,-1.95
2014-01-21,39.2,41.3,39.2,41.1,"942,848",41.1,360,"38,045,200.75",0.8,1.99
2014-01-20,40.1,40.5,39.9,40.3,"428,439",40.3,168,"17,211,931.00",-0.2,-0.49
2014-01-19,40.5,40.7,39.8,40.5,"455,051",40.5,189,"18,298,614.25",-0.4,-0.98
2014-01-16,41.8,41.8,40.7,40.9,"398,755",40.9,175,"16,502,888.75",-0.9,-2.15
2014-01-15,42.4,42.4,41.6,41.8,"532,455",41.8,193,"22,262,219.50",-0.4,-0.95
2014-01-14,41.4,42.4,41.3,42.2,"597,308",42.2,183,"25,187,524.00",0,0
2014-01-13,42.4,42.4,42,42.2,"338,134",42.2,123,"14,312,352.00",-0.2,-0.47
2014-01-12,42.4,42.6,42,42.4,"701,010",42.4,185,"29,623,357.75",0,0
2014-01-09,42.8,42.8,42.2,42.4,"634,696",42.4,179,"26,905,398.75",-0.2,-0.47
2014-01-08,42,42.8,41.8,42.6,"860,257",42.6,172,"36,505,285.25",0.6,1.43
2014-01-07,41.4,42.4,41.4,42,"701,045",42,155,"29,440,797.25",0.2,0.48
2014-01-06,41.3,42.4,41.3,41.8,"1,461,703",41.8,375,"61,369,018.00",0.5,1.21
2014-01-05,40.5,41.6,40.5,41.3,"818,990",41.3,289,"33,741,378.25",0.8,1.98
2014-01-02,39.4,40.5,39.4,40.5,"887,267",40.5,278,"35,401,067.25",1.3,3.32
2014-01-01,38.4,39.6,38.4,39.2,"528,932",39.2,180,"20,764,208.00",0.6,1.55
2013-12-31,39,39,38.4,38.6,"294,187",38.6,136,"11,410,587.25",-0.2,-0.52
2013-12-30,39,39.2,38.6,38.8,"210,897",38.8,146,"8,197,137.00",-0.2,-0.51
2013-12-29,38.8,39.2,38.8,39,"610,101",39,200,"23,866,140.00",0.2,0.52
2013-12-26,38.6,39.2,38.4,38.8,"639,804",38.8,218,"24,861,105.50",0,0
2013-12-25,38.8,39,38.4,38.8,"370,785",38.8,173,"14,387,301.50",0.2,0.52
2013-12-24,38.3,38.8,38.3,38.6,"321,257",38.6,174,"12,422,933.75",0.7,1.85
2013-12-23,38.4,38.8,37.9,37.9,"526,215",37.9,296,"20,175,660.75",-0.5,-1.3
2013-12-22,38.4,38.8,38.3,38.4,"577,206",38.4,172,"22,258,005.75",0,0
2013-12-19,33.5,33.5,33.4,33.4,"171,917",33.4,84,"5,745,817.70",0,0
2013-12-18,33.3,33.5,33.2,33.4,"244,314",33.4,161,"8,152,472.90",-0.1,-0.3
2013-12-17,33.6,34,33.2,33.5,"299,878",33.5,172,"10,048,838.70",-0.2,-0.59
2013-12-16,33.2,33.7,33.2,33.7,"201,582",33.7,122,"6,732,526.70",0.5,1.51
2013-12-15,33.3,33.4,33.2,33.2,"138,214",33.2,75,"4,605,632.00",-0.2,-0.6
2013-12-12,33.4,33.7,33.1,33.4,"223,770",33.4,103,"7,444,566.90",0,0
2013-12-11,32.9,33.7,32.8,33.4,"245,945",33.4,238,"8,178,966.30",0.5,1.52
2013-12-10,33.5,33.5,32.6,32.9,"515,103",32.9,344,"17,018,678.20",-0.6,-1.79
2013-12-09,33.7,33.7,33.4,33.5,"118,506",33.5,125,"3,981,607.30",-0.1,-0.3
2013-12-08,34.1,34.1,33.6,33.6,"199,684",33.6,181,"6,763,622.60",-0.5,-1.47
2013-12-05,34.3,34.3,33.9,34.1,"183,457",34.1,117,"6,240,623.40",0,0
2013-12-04,34.1,34.1,34,34.1,"170,444",34.1,106,"5,803,211.60",-0.1,-0.29
2013-12-03,34.1,34.3,34,34.2,"166,479",34.2,92,"5,690,242.50",0,0
2013-12-02,34.1,34.2,34,34.2,"175,013",34.2,111,"5,964,445.20",0.1,0.29
2013-12-01,34.1,34.2,34,34.1,"88,438",34.1,70,"3,015,905.90",0,0
2013-11-28,34.1,34.2,33.9,34.1,"326,389",34.1,175,"11,127,213.40",0,0
2013-11-27,34.2,34.4,34.1,34.1,"470,683",34.1,247,"16,091,856.10",-0.3,-0.87
2013-11-26,34.6,34.7,34.4,34.4,"510,190",34.4,183,"17,580,477.50",-0.3,-0.86
2013-11-25,34.5,34.7,34.5,34.7,"148,396",34.7,98,"5,140,117.10",0,0
2013-11-24,34.7,34.7,34.6,34.7,"123,813",34.7,77,"4,289,745.60",-0.2,-0.57
2013-11-21,34.7,35,34.7,34.9,"61,065",34.9,29,"2,127,671.80",-0.1,-0.29
2013-11-20,34.9,35,34.5,35,"171,250",35,95,"5,950,901.70",0.2,0.57
2013-11-19,35,35,34.8,34.8,"98,540",34.8,46,"3,448,795.70",-0.2,-0.57
2013-11-18,35,35.2,34.8,35,"255,315",35,111,"8,933,598.00",0,0
2013-11-17,34.9,35.2,34.8,35,"269,359",35,111,"9,416,090.90",0.1,0.29
2013-11-14,35.2,35.3,34.9,34.9,"293,471",34.9,150,"10,323,012.30",-0.3,-0.85
2013-11-13,34.9,35.2,34.9,35.2,"223,280",35.2,110,"7,818,268.40",0.3,0.86
2013-11-12,35.2,35.3,34.7,34.9,"396,701",34.9,191,"13,853,793.40",-0.2,-0.57
2013-11-11,35.3,35.3,35,35.1,"677,760",35.1,189,"23,773,144.70",0.1,0.29
2013-11-10,35.1,35.1,34.7,35,"415,635",35,186,"14,498,086.40",-0.2,-0.57
2013-11-07,35.1,35.6,35,35.2,"190,739",35.2,111,"6,717,624.00",0.2,0.57
2013-11-06,35.3,35.4,34.9,35,"78,262",35,117,"2,750,360.60",-0.4,-1.13
2013-11-05,35.3,35.8,35.3,35.4,"266,793",35.4,98,"9,445,328.30",-0.1,-0.28
2013-11-04,35.4,35.6,35.4,35.5,"132,786",35.5,108,"4,714,615.00",-0.4,-1.11
2013-11-03,35.6,35.9,35.5,35.9,"57,852",35.9,55,"2,055,654.30",0.1,0.28
2013-10-31,35.9,35.9,35.5,35.8,"111,768",35.8,77,"3,978,113.60",-0.2,-0.56
2013-10-30,35.3,36.1,35.3,36,"194,384",36,110,"6,936,517.30",0.7,1.98
2013-10-29,35,35.5,35,35.3,"414,975",35.3,172,"14,627,242.90",0.3,0.86
2013-10-28,35.1,35.1,34.9,35,"62,265",35,82,"2,179,650.50",-0.2,-0.57
2013-10-27,34.9,35.2,34.9,35.2,"118,632",35.2,56,"4,141,614.00",0.2,0.57
2013-10-24,34.8,35,34.8,35,"137,610",35,87,"4,810,864.70",0,0
2013-10-23,34.1,35,34.1,35,"251,362",35,160,"8,728,303.10",0.9,2.64
2013-10-22,34.1,34.3,33.9,34.1,"290,478",34.1,123,"9,885,743.80",0,0
2013-10-21,34,34.1,33.9,34.1,"253,290",34.1,91,"8,618,966.90",0,0
2013-10-20,34.1,34.4,33.9,34.1,"347,737",34.1,155,"11,876,245.70",0.3,0.89
2013-10-10,33.9,34.1,33.8,33.8,"83,510",33.8,63,"2,834,599.00",-0.1,-0.29
2013-10-09,33.9,34,33.8,33.9,"241,529",33.9,138,"8,182,259.70",-0.2,-0.59
2013-10-08,34.4,34.4,33.8,34.1,"357,088",34.1,135,"12,180,468.40",-0.2,-0.58
2013-10-07,34.7,35,34.3,34.3,"219,631",34.3,114,"7,593,363.30",-0.4,-1.15
2013-10-06,34.7,35,34.5,34.7,"262,016",34.7,132,"9,122,333.00",-0.3,-0.86
2013-10-03,34.9,35.1,34.5,35,"323,280",35,167,"11,248,048.90",0,0
2013-10-02,35.5,35.5,34.8,35,"315,149",35,170,"11,035,071.80",-0.6,-1.69
2013-10-01,35.6,35.9,35.3,35.6,"267,035",35.6,153,"9,511,447.10",0,0
2013-09-30,36.2,36.2,35.6,35.6,"159,869",35.6,136,"5,713,287.70",-0.6,-1.66
2013-09-29,36.5,36.8,36.2,36.2,"204,616",36.2,182,"7,487,993.70",-0.4,-1.09
2013-09-26,36.4,36.6,36.4,36.6,"124,708",36.6,92,"4,552,637.00",0.1,0.27
2013-09-25,36.5,37,36.4,36.5,"187,423",36.5,200,"6,865,310.50",-0.3,-0.82
2013-09-24,35.6,36.2,35.5,36,"423,704",36,221,"15,225,002.00",0.4,1.12
2013-09-19,35,35.8,35,35.6,"685,864",35.6,266,"24,243,425.50",1.1,3.19
2013-09-18,34.1,34.5,33.9,34.5,"196,626",34.5,90,"6,699,407.90",0.1,0.29
2013-09-17,34.1,34.5,34.1,34.4,"184,981",34.4,137,"6,357,356.60",0.1,0.29
2013-09-16,34.2,34.3,34.1,34.3,"143,984",34.3,105,"4,916,848.40",0.3,0.88
2013-09-15,33.9,34.1,33.9,34,"88,224",34,83,"2,994,167.00",0.1,0.29
2013-09-12,33.9,34.2,33.9,33.9,"57,984",33.9,64,"1,970,247.50",-0.2,-0.59
2013-09-11,33.5,34.1,33.5,34.1,"258,007",34.1,184,"8,724,760.70",0.6,1.79
2013-09-10,33.3,33.8,33.3,33.5,"282,813",33.5,90,"9,498,685.70",0.1,0.3
2013-09-09,33.5,33.8,33.4,33.4,"317,024",33.4,139,"10,655,151.20",-0.3,-0.89
2013-09-08,33.7,33.8,33.4,33.7,"560,675",33.7,189,"18,876,636.20",0.3,0.9
2013-09-05,33.5,33.7,33.4,33.4,"212,997",33.4,96,"7,152,169.00",0.2,0.6
2013-09-04,33.7,33.7,33,33.2,"101,335",33.2,57,"3,367,580.80",-0.4,-1.19
2013-09-03,33.3,33.7,33.1,33.6,"257,502",33.6,162,"8,626,883.80",0.5,1.51
2013-09-02,35.3,36.8,35.3,36.8,"231,770",36.8,150,"8,353,497.10",1.4,3.95
2013-09-01,35.6,35.8,35.4,35.4,"220,809",35.4,132,"7,854,103.80",-0.6,-1.67
2013-08-29,36,36.8,35.8,36,"321,120",36,158,"11,705,862.30",0,0
2013-08-28,32.6,33.2,32.6,33.1,"137,351",33.1,101,"4,518,196.60",0.4,1.22
2013-08-27,32.6,32.9,32.6,32.7,"87,167",32.7,87,"2,854,302.80",-0.1,-0.3
2013-08-26,32.7,32.9,32.7,32.8,"99,114",32.8,114,"3,254,919.20",-0.1,-0.3
2013-08-25,32.5,32.9,32.5,32.9,"118,181",32.9,65,"3,853,617.20",0.4,1.23
2013-08-22,32.6,32.6,32.3,32.5,"132,905",32.5,86,"4,308,369.70",-0.2,-0.61
2013-08-21,32.7,33,32.4,32.7,"309,674",32.7,136,"10,116,700.00",-0.2,-0.61
2013-08-20,33,33.2,32.9,32.9,"94,515",32.9,91,"3,116,147.90",0,0
2013-08-19,32.6,32.9,32.6,32.9,"101,624",32.9,88,"3,336,656.30",0,0
2013-08-18,32.8,32.9,32.7,32.9,"103,259",32.9,87,"3,387,635.60",0.2,0.61
2013-08-15,32.7,32.9,32.6,32.7,"302,295",32.7,158,"9,880,260.40",0.2,0.62
2013-08-14,32.3,32.6,32.3,32.5,"126,070",32.5,150,"4,092,142.00",0.1,0.31
2013-08-13,32.3,32.5,32.1,32.4,"104,257",32.4,108,"3,363,164.70",-0.3,-0.92
2013-08-05,33,33,32.7,32.7,"161,252",32.7,149,"5,298,567.90",-0.4,-1.21
2013-08-04,33.2,33.2,33,33.1,"450,089",33.1,180,"14,887,894.90",-0.1,-0.3
2013-08-01,33.4,33.4,33.2,33.2,"110,851",33.2,89,"3,685,918.40",-0.5,-1.48
2013-07-31,33.7,33.7,33.6,33.7,"91,147",33.7,71,"3,068,370.30",0,0
2013-07-30,36.2,36.5,36.2,36.4,"51,405",36.4,59,"1,868,891.10",-0.4,-1.09
2013-07-29,36.6,36.8,36.5,36.8,"126,931",36.8,99,"4,649,919.90",0.2,0.55
2013-07-28,36.5,36.6,36.4,36.6,"121,284",36.6,70,"4,422,721.40",0,0
2013-07-25,36.8,36.8,36.5,36.6,"138,639",36.6,63,"5,076,848.70",-0.2,-0.54
2013-07-24,36.8,36.8,36.6,36.8,"97,924",36.8,69,"3,601,723.30",0.1,0.27
2013-07-23,36.4,36.8,36.4,36.7,"106,489",36.7,62,"3,898,941.60",0.5,1.38
2013-07-22,36.3,36.5,36.2,36.2,"190,103",36.2,75,"6,902,784.40",-0.1,-0.28
2013-07-21,36.3,36.4,36.3,36.3,"63,133",36.3,48,"2,293,600.10",0.1,0.28
2013-07-18,36.3,36.3,36.2,36.2,"107,864",36.2,52,"3,901,375.80",-0.1,-0.28
2013-07-17,36.2,36.5,36.2,36.3,"387,334",36.3,104,"14,053,372.40",0,0
2013-07-16,36.1,36.5,36,36.3,"266,851",36.3,168,"9,670,868.90",0.1,0.28
2013-07-15,36.5,36.7,36,36.2,"504,066",36.2,322,"18,247,439.90",-0.3,-0.82
2013-07-14,36.8,36.8,36.5,36.5,"233,961",36.5,187,"8,554,848.90",-0.6,-1.62
2013-07-11,37.5,37.9,37.1,37.1,"235,522",37.1,146,"8,823,893.95",-0.6,-1.59
2013-07-10,38.1,38.1,37.5,37.7,"287,435",37.7,155,"10,835,766.00",-0.4,-1.05
2013-07-09,37.9,38.1,37.7,38.1,"245,398",38.1,140,"9,291,891.50",0.6,1.6
2013-07-08,37.5,37.7,37.5,37.5,"88,072",37.5,83,"3,303,772.20",0,0
2013-07-07,37.5,37.7,37.4,37.5,"147,499",37.5,78,"5,537,068.80",0.1,0.27
2013-07-04,37.7,37.9,37.3,37.4,"312,558",37.4,177,"11,739,127.70",-0.5,-1.32
2013-07-03,37.9,37.9,37.7,37.9,"139,339",37.9,141,"5,268,125.75",-0.2,-0.52
2013-07-02,37.9,38.1,37.7,38.1,"544,990",38.1,229,"20,676,900.75",0.6,1.6
2013-07-01,37.5,37.7,37.4,37.5,"399,793",37.5,175,"15,004,310.50",0.1,0.27
2013-06-30,37.7,37.7,37.2,37.4,"291,751",37.4,107,"10,934,105.00",-0.1,-0.27
2013-06-26,37.9,37.9,37.4,37.5,"186,494",37.5,144,"7,011,133.25",0,0
2013-06-25,33.2,33.8,33.1,33.7,"199,491",33.7,146,"6,669,510.00",0.8,2.43
2013-06-24,32.7,33,32.7,32.9,"51,651",32.9,60,"1,697,903.80",0.2,0.61
2013-06-23,32.7,32.9,32.6,32.7,"133,414",32.7,110,"4,363,014.30",0.1,0.31
2013-06-22,32.9,32.9,32.5,32.6,"194,832",32.6,148,"6,366,152.70",-0.6,-1.81
2013-06-19,33.3,33.5,33.2,33.2,"104,917",33.2,93,"3,494,234.50",0,0
2013-06-18,33.2,33.2,32.9,33.2,"203,118",33.2,102,"6,699,570.20",-0.2,-0.6
2013-06-17,33.2,33.4,33,33.4,"154,965",33.4,107,"5,143,774.60",0.5,1.52
2013-06-16,32.6,33.2,32.6,32.9,"157,045",32.9,92,"5,185,574.40",0,0
2013-06-15,33.3,33.3,32.9,32.9,"63,961",32.9,66,"2,115,887.10",-0.6,-1.79
2013-06-12,33.2,33.5,33.2,33.5,"61,553",33.5,59,"2,053,501.20",0.3,0.9
2013-06-11,32.9,33.5,32.9,33.2,"79,157",33.2,104,"2,636,014.60",0.3,0.91
2013-06-10,31.9,32.9,31.9,32.9,"209,564",32.9,206,"6,779,393.30",1,3.13
2013-06-09,37.7,37.9,37.4,37.5,"269,407",37.5,141,"10,104,082.95",0,0
2013-06-08,37,37.7,36.9,37.5,"118,605",37.5,113,"4,418,392.10",0,0
2013-06-05,37.7,37.9,37.4,37.5,"161,267",37.5,110,"6,056,308.90",0,0
2013-06-04,37.1,37.7,37.1,37.5,"229,088",37.5,119,"8,598,563.70",0.4,1.08
2013-06-03,37.4,37.7,36.8,37.1,"428,731",37.1,250,"15,837,069.15",-0.3,-0.8
2013-06-02,37.7,37.7,37.3,37.4,"152,111",37.4,116,"5,711,229.00",-0.1,-0.27
2013-06-01,32,32.1,31.6,31.9,"189,319",31.9,157,"6,027,274.60",-0.1,-0.31
2013-05-29,32.5,32.5,31.9,32,"89,071",32,123,"2,852,227.60",0.2,0.63
2013-05-28,32.1,32.1,31.8,31.8,"178,384",31.8,137,"5,709,753.60",-0.3,-0.93
2013-05-27,32.3,32.6,31.8,32.1,"274,949",32.1,294,"8,808,119.60",-1.2,-3.6
2013-05-26,33.4,33.5,33.2,33.3,"268,729",33.3,156,"8,961,593.80",-0.1,-0.3
2013-05-25,34.3,34.4,33.4,33.4,"139,401",33.4,209,"4,708,898.60",-1.2,-3.47
2013-05-22,34.2,34.6,34.1,34.6,"139,003",34.6,100,"4,790,370.40",0.5,1.47
2013-05-21,34.1,34.1,33.8,34.1,"286,074",34.1,150,"9,718,473.30",-0.1,-0.29
2013-05-20,33.8,34.4,33.8,34.2,"134,793",34.2,117,"4,600,434.80",0.6,1.79
2013-05-19,33.2,33.8,33.2,33.6,"596,821",33.6,249,"20,021,450.60",0.9,2.75
2013-05-18,31.9,32.7,31.8,32.7,"1,026,650",32.7,490,"33,002,725.00",-0.9,-2.68
2013-05-15,33.9,33.9,33,33.6,"374,723",33.6,185,"12,580,473.10",-0.1,-0.3
2013-05-14,33.9,34.1,33.2,33.7,"907,236",33.7,299,"30,624,899.30",-0.3,-0.88
2013-05-13,35.6,36,33.8,34,"650,486",34,339,"22,641,663.10",-2.5,-6.85
2013-05-12,36.4,36.5,36,36.5,"112,943",36.5,148,"4,092,124.30",-0.2,-0.54
2013-05-11,36.5,36.8,36.5,36.7,"31,670",36.7,41,"1,161,372.40",-0.1,-0.27
2013-05-08,36.5,36.9,36.5,36.8,"62,148",36.8,58,"2,279,942.50",0.3,0.82
2013-05-07,36.4,36.9,36.3,36.5,"63,688",36.5,52,"2,331,296.00",0.1,0.27
2013-05-06,38.1,38.3,37.4,37.5,"313,421",37.5,242,"11,784,099.60",-0.6,-1.57
2013-05-05,38.6,38.6,38.1,38.1,"135,693",38.1,137,"5,191,178.00",-0.5,-1.3
2013-05-04,38.4,38.8,38.4,38.6,"329,525",38.6,159,"12,718,818.00",0.2,0.52
2013-05-01,38.6,38.8,38.3,38.4,"240,583",38.4,146,"9,271,792.75",0,0
2013-04-30,38.3,38.4,38.1,38.4,"193,190",38.4,123,"7,394,551.75",0.5,1.32
2013-04-29,38.6,38.8,37.7,37.9,"215,259",37.9,216,"8,196,215.25",-0.7,-1.81
2013-04-28,39,39,38.4,38.6,"129,537",38.6,80,"5,023,522.25",-0.6,-1.53
2013-04-27,39,39.2,38.8,39.2,"379,024",39.2,167,"14,786,657.75",0.2,0.51
2013-04-24,38.6,39,38.4,39,"127,790",39,90,"4,958,064.25",0.4,1.04
2013-04-23,38.8,39,38.3,38.6,"191,105",38.6,185,"7,382,051.75",-0.4,-1.03
2013-04-22,39.6,39.6,38.8,39,"247,352",39,209,"9,658,206.50",-0.6,-1.52
2013-04-21,39.8,39.9,39.4,39.6,"228,328",39.6,158,"9,069,313.50",0.2,0.51
2013-04-20,39.6,39.6,39.4,39.4,"157,299",39.4,120,"6,200,607.00",-0.2,-0.51
2013-04-17,40.1,40.1,39.4,39.6,"293,701",39.6,251,"11,636,909.50",-0.5,-1.25
2013-04-16,40.3,40.5,39.9,40.1,"80,317",40.1,86,"3,233,315.25",0,0
2013-04-15,40.3,40.3,40.1,40.1,"85,506",40.1,88,"3,439,062.50",0,0
2013-04-14,39.8,40.1,39.8,40.1,"188,718",40.1,107,"7,532,501.50",0.2,0.5
2013-04-13,40.1,40.5,39.8,39.9,"240,823",39.9,156,"9,643,653.50",-0.2,-0.5
2013-04-10,40.7,40.7,39.6,40.1,"557,037",40.1,286,"22,347,424.50",-0.6,-1.47
2013-04-09,40.9,40.9,40.5,40.7,"323,943",40.7,165,"13,181,446.75",0,0
2013-04-08,40.9,41.1,40.5,40.7,"194,570",40.7,167,"7,922,434.50",-0.4,-0.97
2013-04-07,40.9,41.1,40.9,41.1,"150,367",41.1,76,"6,159,696.25",0.2,0.49
2013-04-06,41.1,41.3,40.9,40.9,"222,441",40.9,81,"9,126,647.75",-0.2,-0.49
2013-04-03,41.3,41.6,40.9,41.1,"560,317",41.1,151,"23,111,930.00",-0.2,-0.48
2013-04-02,40.9,41.4,40.9,41.3,"502,887",41.3,158,"20,525,621.50",0.4,0.98
2013-04-01,40.9,41.3,40.9,40.9,"69,706",40.9,76,"2,850,276.00",0,0
2013-03-31,40.7,41.3,40.7,40.9,"195,530",40.9,120,"8,016,486.25",0.2,0.49
2013-03-30,40.7,40.9,40.5,40.7,"98,360",40.7,69,"4,003,975.50",0.2,0.49
2013-03-27,40.5,40.9,40.1,40.5,"304,580",40.5,236,"12,345,713.00",0.2,0.5
2013-03-26,40.7,40.7,40.1,40.3,"187,895",40.3,179,"7,571,533.25",-0.2,-0.49
2013-03-25,41.1,41.1,40.5,40.5,"172,200",40.5,189,"7,040,261.25",-0.8,-1.94
2013-03-24,41.6,41.6,41.3,41.3,"290,099",41.3,238,"12,015,449.00",-0.7,-1.67
2013-03-23,41.8,42,41.6,42,"132,807",42,107,"5,547,271.25",0,0
2013-03-20,41.4,42.2,41.4,42,"301,028",42,180,"12,606,666.00",0.4,0.96
2013-03-19,41.6,41.6,41.4,41.6,"92,382",41.6,39,"3,835,198.25",-0.2,-0.48
2013-03-18,41.4,41.8,41.3,41.8,"168,866",41.8,139,"7,014,544.50",0.2,0.48
2013-03-17,41.4,41.6,41.3,41.6,"231,140",41.6,106,"9,586,984.50",0.3,0.73
2013-03-16,41.4,41.6,41.1,41.3,"235,691",41.3,92,"9,731,909.50",0.2,0.49
2013-03-13,40.5,41.6,40.5,41.1,"575,942",41.1,213,"23,646,054.00",0.8,1.99
2013-03-12,40.5,40.5,40.1,40.3,"248,103",40.3,122,"10,027,666.00",0,0
2013-03-11,40.5,40.5,40.1,40.3,"121,721",40.3,109,"4,914,076.50",-0.4,-0.98
2013-03-10,40.1,40.9,40.1,40.7,"120,613",40.7,112,"4,892,045.00",0.4,0.99
2013-03-09,40.3,40.5,40.1,40.3,"242,615",40.3,80,"9,770,535.50",-0.2,-0.49
2013-03-06,40.9,40.9,40.3,40.5,"321,873",40.5,182,"13,044,568.50",-0.4,-0.98
2013-03-05,41.1,41.3,40.7,40.9,"375,877",40.9,181,"15,395,125.00",-0.2,-0.49
2013-03-04,41.3,41.3,40.9,41.1,"127,687",41.1,110,"5,248,064.50",-0.2,-0.48
2013-03-03,41.6,41.6,40.5,41.3,"435,494",41.3,260,"17,852,722.25",-0.3,-0.72
2013-03-02,42,42.2,41.6,41.6,"157,784",41.6,167,"6,610,073.50",-0.2,-0.48
2013-02-27,42.4,42.9,41.8,41.8,"334,978",41.8,239,"14,143,437.25",-0.6,-1.42
2013-02-26,42.6,42.6,42.2,42.4,"125,032",42.4,88,"5,301,857.25",0,0
2013-02-25,42.2,42.6,42,42.4,"443,428",42.4,230,"18,734,333.75",0.4,0.95
2013-02-24,41.8,42.2,41.8,42,"217,747",42,127,"9,174,946.50",0,0
2013-02-23,42.2,42.4,41.8,42,"397,459",42,199,"16,741,015.75",-0.2,-0.47
2013-02-20,42.4,42.4,42,42.2,"271,963",42.2,116,"11,438,731.75",-0.2,-0.47
2013-02-19,42.6,42.6,42,42.4,"288,182",42.4,129,"12,170,846.50",-0.2,-0.47
2013-02-18,42.2,42.8,42,42.6,"421,907",42.6,267,"17,872,499.50",0,0
2013-02-17,42.8,42.8,42.2,42.6,"91,380",42.6,87,"3,872,457.25",0.2,0.47
2013-02-16,42,42.6,42,42.4,"206,410",42.4,133,"8,734,606.50",0.4,0.95
2013-02-13,41.6,42.2,41.4,42,"482,377",42,139,"20,256,894.00",0,0
2013-02-12,42.8,42.9,41.6,42,"923,500",42,503,"38,851,228.50",-0.6,-1.41
2013-02-11,41.4,43.1,41.4,42.6,"609,279",42.6,279,"26,014,579.00",1,2.4
2013-02-10,41.1,41.8,40.7,41.6,"403,906",41.6,243,"16,638,888.00",0.3,0.73
2013-02-09,41.3,41.6,40.9,41.3,"637,193",41.3,141,"26,287,793.75",0.2,0.49
2013-02-06,41.4,41.6,40.1,41.1,"419,730",41.1,249,"17,316,298.50",-0.3,-0.72
2013-02-05,41.3,41.4,39.9,41.4,"666,894",41.4,337,"27,150,880.00",3.1,8.09
2013-02-04,38.6,39.8,38.3,38.3,"984,329",38.3,592,"38,081,900.50",0,0
2013-02-03,39,39.6,38.1,38.3,"1,201,153",38.3,718,"46,440,415.50",-2.6,-6.36
2013-02-02,41.3,41.3,40.3,40.9,"338,226",40.9,170,"13,781,289.25",-0.5,-1.21
2013-01-30,40.9,42.4,40.7,41.4,"841,678",41.4,379,"35,034,605.00",0.5,1.22
2013-01-29,40.5,41.6,40.5,40.9,"529,112",40.9,441,"21,738,723.25",0.4,0.99
2013-01-28,40.5,41.8,40.1,40.5,"1,248,239",40.5,457,"51,258,634.25",0.4,1
2013-01-27,40.1,41.3,38.8,40.1,"879,521",40.1,600,"35,299,364.50",0,0
2013-01-26,37.5,40.3,36.4,40.1,"664,759",40.1,428,"25,309,422.40",2.6,6.93
2013-01-23,37.4,37.7,35.3,37.5,"1,371,548",37.5,542,"50,520,967.10",1.2,3.31
2013-01-22,33.2,36.3,33.1,36.3,"643,103",36.3,418,"22,065,035.60",3.2,9.67
2013-01-21,34.5,34.5,31.9,33.1,"970,392",33.1,509,"32,116,546.90",-1.9,-5.43
2013-01-20,38.6,38.6,34.5,35,"749,839",35,428,"27,469,198.50",-3.3,-8.62
2013-01-19,38.3,38.8,37.5,38.3,"850,683",38.3,345,"32,441,132.25",-0.1,-0.26
2013-01-16,41.3,41.3,37.9,38.4,"1,110,524",38.4,552,"43,076,379.50",-2.5,-6.11
2013-01-15,40.7,41.4,40.7,40.9,"331,622",40.9,256,"13,608,717.75",0.6,1.49
2013-01-14,41.3,41.3,40.3,40.3,"488,986",40.3,349,"19,803,971.50",-1.1,-2.66
2013-01-13,41.8,42,41.4,41.4,"280,877",41.4,208,"11,691,559.25",-0.4,-0.96
2013-01-12,42.4,42.6,41.3,41.8,"193,666",41.8,162,"8,165,784.00",0,0
2013-01-09,42.6,42.6,41.3,41.8,"484,677",41.8,280,"20,217,895.75",-0.8,-1.88
2013-01-08,43.7,43.7,42.2,42.6,"589,703",42.6,326,"25,243,541.25",-1.1,-2.52
2013-01-07,43.5,43.9,43.3,43.7,"205,776",43.7,101,"8,970,023.50",-0.2,-0.46
2013-01-06,43.7,43.9,43.3,43.9,"179,088",43.9,84,"7,800,965.75",0.4,0.92
2013-01-05,43.7,43.9,42.9,43.5,"306,796",43.5,200,"13,312,410.25",-0.2,-0.46
2013-01-02,44.3,44.4,42.9,43.7,"447,283",43.7,272,"19,613,790.25",-0.2,-0.46
2013-01-01,43.9,44.1,43.9,43.9,"198,392",43.9,98,"8,718,264.50",-0.4,-0.9
2012-12-31,44.3,44.4,44.1,44.3,"164,793",44.3,149,"7,284,650.00",0,0
2012-12-30,43.7,44.3,43.7,44.3,"182,095",44.3,105,"8,000,193.50",0.6,1.37
2012-12-29,43.7,44.1,43.5,43.7,"191,375",43.7,130,"8,369,675.50",0.4,0.92
2012-12-26,43.5,43.9,43.3,43.3,"315,024",43.3,154,"13,701,200.00",-0.4,-0.92
2012-12-25,43.1,44.1,43.1,43.7,"768,511",43.7,274,"33,396,808.50",0.8,1.86
2012-12-24,43.7,43.9,42.8,42.9,"1,271,031",42.9,496,"54,543,224.50",-0.8,-1.83
2012-12-23,43.9,45.2,42.4,43.7,"1,191,028",43.7,257,"52,857,689.75",-0.2,-0.46
2012-12-22,42,44.3,42,43.9,"671,898",43.9,397,"29,229,109.50",1.3,3.05
2012-12-19,44.1,44.1,42.6,42.6,"878,550",42.6,233,"38,048,388.00",-2.2,-4.91
2012-12-18,45.2,45.4,44.8,44.8,"318,144",44.8,201,"14,343,435.25",-0.6,-1.32
2012-12-17,45.4,45.6,45.4,45.4,"356,900",45.4,122,"16,238,445.50",0.2,0.44
2012-12-16,45.2,45.4,45,45.2,"268,621",45.2,135,"12,149,679.25",0,0
2012-12-15,45.2,45.4,45,45.2,"216,135",45.2,80,"9,747,982.25",0.2,0.44
2012-12-12,45.4,45.4,44.8,45,"80,554",45,59,"3,636,041.75",0.2,0.45
2012-12-11,44.8,45,44.6,44.8,"188,711",44.8,106,"8,441,893.75",0,0
2012-12-10,45.4,45.9,44.8,44.8,"217,719",44.8,171,"9,866,135.75",-0.6,-1.32
2012-12-09,46.1,46.1,45.2,45.4,"471,236",45.4,250,"21,492,523.75",-1.5,-3.2
2012-12-08,45.9,47.1,45.9,46.9,"400,335",46.9,150,"18,749,666.25",0,0
2012-12-05,45.9,47.1,45.9,46.9,"731,691",46.9,240,"34,114,352.75",1.5,3.3
2012-12-04,45.6,46.3,45.4,45.4,"409,358",45.4,296,"18,832,205.00",0,0
2012-12-03,45.6,45.6,45.2,45.4,"105,417",45.4,63,"4,588,728.25",-0.2,-0.44
2012-12-02,45.8,46.1,45.6,45.6,"265,052",45.6,153,"12,154,930.25",-0.2,-0.44
2012-12-01,45.9,46.5,45.4,45.8,"452,103",45.8,214,"20,743,215.25",0.2,0.44
2012-11-28,44.8,45.8,44.6,45.6,"720,819",45.6,249,"32,576,945.75",0.6,1.33
2012-11-27,45.4,46.5,45,45,"491,841",45,291,"22,487,189.00",-0.4,-0.88
2012-11-26,45.8,45.9,45.4,45.4,"589,424",45.4,290,"26,930,634.50",-0.5,-1.09
2012-11-25,46.1,46.3,45.9,45.9,"199,028",45.9,97,"9,190,820.00",-0.2,-0.43
2012-11-24,46.1,46.1,46.1,46.1,"92,208",46.1,62,"4,253,181.50",0,0
2012-11-21,45.8,46.1,45.8,46.1,"98,612",46.1,56,"4,533,204.25",0.2,0.44
2012-11-20,45.6,46.1,45.6,45.9,"533,253",45.9,150,"24,501,420.25",0.3,0.66
2012-11-19,45.4,45.8,45.4,45.6,"306,343",45.6,158,"13,945,088.50",0.4,0.88
2012-11-18,45,45.4,45,45.2,"299,673",45.2,128,"13,531,055.75",0,0
2012-11-17,44.6,45.2,44.6,45.2,"339,581",45.2,182,"15,079,320.75",0.6,1.35
2012-11-14,44.8,44.8,44.6,44.6,"71,818",44.6,63,"3,213,164.00",-0.4,-0.89
2012-11-13,44.8,45,44.3,45,"422,409",45,192,"18,807,439.75",0.4,0.9
2012-11-12,44.4,45,44.3,44.6,"252,402",44.6,191,"11,252,656.00",0,0
2012-11-11,44.6,44.8,44.3,44.6,"393,646",44.6,280,"17,523,112.75",-0.6,-1.33
2012-11-10,45.4,45.6,45,45.2,"223,338",45.2,113,"10,094,568.50",-0.4,-0.88
2012-11-07,45.6,45.8,44.8,45.6,"335,785",45.6,243,"15,243,658.25",-0.2,-0.44
2012-11-06,45.2,45.8,45.2,45.8,"256,254",45.8,118,"11,676,820.75",0,0
2012-11-05,44.4,45.8,44.4,45.8,"402,435",45.8,210,"18,238,246.25",1.4,3.15
2012-11-04,43.5,45,43.5,44.4,"498,704",44.4,289,"21,942,990.25",1.1,2.54
2012-11-03,43.1,43.5,43.1,43.3,"808,822",43.3,105,"36,174,352.75",0.2,0.46
2012-10-24,43.7,43.9,42.9,43.1,"160,596",43.1,180,"6,948,626.50",-0.6,-1.37
2012-10-23,42.6,43.7,42.6,43.7,"524,575",43.7,286,"22,777,680.25",0.9,2.1
2012-10-22,42.6,42.8,42.4,42.8,"232,592",42.8,141,"9,880,024.25",0.2,0.47
2012-10-21,42.8,42.8,42.4,42.6,"63,461",42.6,75,"2,706,067.50",0,0
2012-10-20,42.9,43.1,42,42.6,"528,092",42.6,308,"22,422,785.50",-0.2,-0.47
2012-10-17,43.3,43.3,42.4,42.8,"666,771",42.8,295,"28,496,911.75",0.4,0.94
2012-10-16,43.3,44.3,42.4,42.4,"429,048",42.4,280,"18,561,654.25",-0.9,-2.08
2012-10-15,44.3,44.3,43.1,43.3,"430,789",43.3,239,"18,730,992.25",-0.8,-1.81
2012-10-14,43.5,44.1,43.5,44.1,"145,378",44.1,123,"6,347,738.50",0.8,1.85
2012-10-13,43.9,44.1,41.3,43.3,"416,654",43.3,260,"18,090,999.00",-0.2,-0.46
2012-10-10,42.9,43.7,42.9,43.5,"142,036",43.5,151,"6,172,670.00",0.4,0.93
2012-10-09,43.9,43.9,42.6,43.1,"612,546",43.1,303,"26,265,219.50",-0.4,-0.92
2012-10-08,43.7,44.4,42.8,43.5,"370,136",43.5,297,"16,073,754.75",0,0
2012-10-07,44.8,44.8,43.5,43.5,"305,534",43.5,352,"13,390,805.50",-1.3,-2.9
2012-10-06,45.4,45.4,44.8,44.8,"113,902",44.8,114,"5,127,617.50",-0.4,-0.88
2012-10-03,45.8,45.8,45.2,45.2,"31,231",45.2,53,"1,418,609.50",-0.4,-0.88
2012-10-02,46.1,46.1,45.4,45.6,"508,150",45.6,251,"23,194,181.50",-0.2,-0.44
2012-10-01,46.1,46.3,45.6,45.8,"457,182",45.8,148,"20,974,328.75",-0.3,-0.65
2012-09-30,46.3,46.5,46.1,46.1,"420,176",46.1,237,"19,471,326.50",-0.2,-0.43
2012-09-29,47.1,47.1,46.3,46.3,"136,397",46.3,94,"6,352,124.25",-0.8,-1.7
2012-09-26,46.3,47.3,46.3,47.1,"402,693",47.1,165,"18,795,708.25",0.8,1.73
2012-09-25,46.7,46.9,46.3,46.3,"84,074",46.3,52,"3,910,338.50",-0.4,-0.86
2012-09-24,46.5,46.7,46.3,46.7,"190,754",46.7,107,"8,854,393.75",0.4,0.86
2012-09-22,46.3,46.3,46.1,46.3,"59,024",46.3,40,"2,731,965.75",0,0
2012-09-19,46.5,46.7,46.1,46.3,"248,698",46.3,86,"11,544,237.75",0.2,0.43
2012-09-18,46.3,46.9,45.9,46.1,"354,612",46.1,98,"16,506,326.50",-0.2,-0.43
2012-09-17,46.1,46.3,46.1,46.3,"112,708",46.3,59,"5,203,949.50",-0.2,-0.43
2012-09-16,45.9,46.5,45.8,46.5,"408,830",46.5,113,"18,858,322.25",0,0
2012-09-15,46.3,46.5,45.8,46.5,"383,221",46.5,180,"17,677,965.50",0,0
2012-09-12,46.5,46.7,45.9,46.5,"340,757",46.5,153,"15,762,609.25",0,0
2012-09-11,45.2,46.7,45,46.5,"377,709",46.5,159,"17,359,025.00",1.1,2.42
2012-09-10,45,45.4,44.6,45.4,"213,980",45.4,150,"9,631,027.00",0.4,0.89
2012-09-09,45.8,45.8,45,45,"224,296",45,113,"10,201,199.75",-0.8,-1.75
2012-09-08,46.1,46.1,45.2,45.8,"228,008",45.8,134,"10,396,076.00",0.4,0.88
2012-09-05,45.2,45.9,44.4,45.4,"151,936",45.4,69,"6,878,659.50",-0.4,-0.87
2012-09-04,45.2,46.3,44.6,45.8,"496,690",45.8,195,"22,697,645.50",0.4,0.88
2012-09-03,45.4,45.6,44.8,45.4,"548,793",45.4,166,"24,738,461.50",0,0
2012-09-02,45.8,45.8,44.8,45.4,"324,528",45.4,162,"14,669,006.00",-0.4,-0.87
2012-09-01,46.1,46.3,45.8,45.8,"127,867",45.8,124,"5,887,627.25",-0.5,-1.08
2012-08-29,46.9,47.1,46.1,46.3,"279,594",46.3,131,"12,951,593.25",-1,-2.11
2012-08-28,47.3,47.6,46.5,47.3,"200,544",47.3,104,"9,461,646.75",-0.1,-0.21
2012-08-27,47.6,48.4,47.3,47.4,"404,746",47.4,204,"19,312,776.00",0,0
2012-08-26,47.3,47.6,47.1,47.4,"311,106",47.4,151,"14,726,235.25",0.1,0.21
2012-08-25,47.3,47.6,47.3,47.3,"270,568",47.3,142,"12,841,907.75",-0.5,-1.05
2012-08-15,47.4,47.8,47.3,47.8,"65,020",47.8,89,"3,095,611.75",0.5,1.06
2012-08-14,47.1,47.8,46.9,47.3,"159,427",47.3,113,"7,577,738.25",-0.1,-0.21
2012-08-13,47.1,47.4,46.9,47.4,"103,492",47.4,102,"4,868,813.75",0.5,1.07
2012-08-12,47.6,47.6,46.9,46.9,"258,662",46.9,154,"12,206,914.75",-0.9,-1.88
2012-08-11,47.8,47.8,47.6,47.8,"21,877",47.8,44,"1,045,620.25",-0.2,-0.42
2012-08-08,47.8,48,47.4,48,"100,607",48,86,"4,799,385.25",0,0
2012-08-07,48,48,47.4,48,"228,252",48,109,"10,883,703.25",-0.2,-0.41
2012-08-06,47.4,48.6,47.1,48.2,"326,705",48.2,218,"15,682,215.00",0.6,1.26
2012-08-05,47.3,47.6,47.3,47.6,"23,726",47.6,37,"1,125,927.00",0.3,0.63
2012-08-04,47.3,47.4,47.3,47.3,"167,530",47.3,52,"7,916,099.75",0,0
2012-08-01,46.9,47.3,46.9,47.3,"33,750",47.3,45,"1,587,707.50",0,0
2012-07-31,47.1,48,46.9,47.3,"251,256",47.3,129,"11,866,070.75",0,0
2012-07-30,47.1,48,47.1,47.3,"321,157",47.3,136,"15,290,619.50",0.4,0.85
2012-07-29,46.9,47.6,46.9,46.9,"320,587",46.9,133,"15,134,291.00",0.2,0.43
2012-07-28,47.3,47.3,46.3,46.7,"160,371",46.7,197,"7,490,959.25",-0.9,-1.89
2012-07-25,47.3,47.6,46.7,47.6,"293,657",47.6,174,"13,902,073.25",0.7,1.49
2012-07-24,47.1,47.1,45.9,46.9,"230,366",46.9,263,"10,738,275.75",0.6,1.3
2012-07-23,44.6,48,44.4,46.3,"363,754",46.3,242,"16,792,249.00",1.3,2.89
2012-07-22,44.8,45,44.4,45,"24,991",45,45,"1,117,125.50",0,0
2012-07-21,43.5,45.2,43.5,45,"214,804",45,141,"9,609,350.00",1.7,3.93
2012-07-18,43.3,43.5,43.1,43.3,"28,963",43.3,44,"1,254,886.25",0.2,0.46
2012-07-17,43.5,43.9,42.8,43.1,"224,941",43.1,83,"9,730,365.50",-0.8,-1.82
2012-07-16,43.9,44.3,43.5,43.9,"151,000",43.9,48,"6,634,035.00",-0.5,-1.13
2012-07-15,44.3,44.4,43.5,44.4,"46,739",44.4,30,"2,067,133.00",0,0
2012-07-14,44.3,44.4,44.1,44.4,"83,869",44.4,68,"3,716,259.50",0.1,0.23
2012-07-11,43.9,44.3,43.5,44.3,"55,363",44.3,39,"2,422,103.00",0.2,0.45
2012-07-10,44.3,44.6,44.1,44.1,"172,008",44.1,106,"7,624,699.25",0,0
2012-07-09,44.1,44.3,44.1,44.1,"43,932",44.1,53,"1,938,018.75",-0.3,-0.68
2012-07-08,44.1,44.4,44.1,44.4,"68,806",44.4,61,"3,034,713.50",0.1,0.23
2012-07-07,42.9,44.3,42.9,44.3,"93,190",44.3,64,"4,024,025.25",1.4,3.26
2012-07-04,43.3,43.3,42,42.9,"207,493",42.9,206,"8,774,895.50",-0.4,-0.92
2012-07-03,43.9,43.9,43.1,43.3,"132,370",43.3,115,"5,780,680.00",-1,-2.26
2012-07-02,44.3,44.4,44.1,44.3,"49,812",44.3,48,"2,205,053.25",-0.1,-0.23
2012-07-01,44.6,44.6,44.3,44.4,"40,952",44.4,63,"1,822,879.00",-0.6,-1.33
2012-06-30,45.2,45.4,44.6,45,"55,280",45,69,"2,487,106.75",-0.2,-0.44
2012-06-27,44.6,45.2,44.6,45.2,"36,098",45.2,63,"1,623,150.25",0.2,0.44
2012-06-26,44.6,45,44.4,45,"61,694",45,76,"2,758,774.50",0.2,0.45
2012-06-25,45.2,45.2,44.6,44.8,"167,664",44.8,147,"7,551,782.75",0,0
2012-06-24,45.4,45.6,44.8,44.8,"403,727",44.8,279,"18,244,135.25",-1.1,-2.4
2012-06-23,45,46.1,44.8,45.9,"235,151",45.9,163,"10,675,649.50",0.9,2
2012-06-20,45.4,45.6,44.8,45,"280,620",45,152,"12,648,877.00",-0.6,-1.32
2012-06-19,45.2,45.9,45.2,45.6,"378,480",45.6,148,"17,281,853.25",-0.2,-0.44
2012-06-18,45,45.9,45,45.8,"416,948",45.8,168,"19,026,711.50",0,0
2012-06-17,43.9,45.8,43.9,45.8,"453,201",45.8,226,"20,425,804.50",1.9,4.33
2012-06-16,43.9,44.3,43.5,43.9,"168,533",43.9,151,"7,375,716.75",-0.9,-2.01
2012-06-13,42.9,44.8,42.8,44.8,"138,514",44.8,167,"5,997,142.25",2,4.67
2012-06-12,41.8,42.8,41.6,42.8,"90,110",42.8,89,"3,807,695.50",1.2,2.88
2012-06-11,42,42,41.4,41.6,"148,636",41.6,85,"6,201,218.75",-0.2,-0.48
2012-06-10,41.4,42,41.4,41.8,"61,538",41.8,67,"2,576,191.50",0.4,0.97
2012-06-09,42.2,42.2,41.4,41.4,"55,447",41.4,90,"2,330,677.75",-0.8,-1.9
2012-06-06,42.4,42.4,42,42.2,"65,142",42.2,102,"2,745,996.50",-0.9,-2.09
2012-06-05,43.3,43.3,42.4,43.1,"64,906",43.1,105,"2,787,697.75",0.5,1.17
2012-06-04,42.8,43.1,42.4,42.6,"176,352",42.6,144,"7,549,718.00",-0.7,-1.62
2012-06-03,43.1,43.3,42.9,43.3,"88,791",43.3,90,"3,826,481.75",-0.2,-0.46
2012-06-02,43.1,43.9,43.1,43.5,"113,445",43.5,94,"4,922,736.00",0.4,0.93
2012-05-30,42.8,43.1,42.8,43.1,"74,930",43.1,76,"3,218,686.50",1.3,3.11
2012-05-29,41.6,42.6,41.6,41.8,"95,070",41.8,114,"3,981,568.00",-0.2,-0.48
2012-05-28,41.6,42.2,41.3,42,"45,066",42,74,"1,887,510.25",0.6,1.45
2012-05-27,41.3,41.8,41.3,41.4,"74,278",41.4,109,"3,083,328.50",0.1,0.24
2012-05-26,42.4,42.4,41.3,41.3,"138,679",41.3,81,"5,777,497.00",-0.9,-2.13
2012-05-23,42.4,42.6,42,42.2,"33,098",42.2,63,"1,396,095.25",-0.6,-1.4
2012-05-22,42,42.9,42,42.8,"165,861",42.8,175,"7,044,078.50",-0.1,-0.23
2012-05-21,43.1,43.3,42,42.9,"98,663",42.9,131,"4,229,241.75",-0.8,-1.83
2012-05-20,43.9,43.9,43.5,43.7,"68,358",43.7,126,"2,987,511.25",-0.4,-0.91
2012-05-19,44.3,44.3,43.9,44.1,"55,508",44.1,72,"2,452,630.50",-0.2,-0.45
2012-05-16,43.7,44.4,43.7,44.3,"45,238",44.3,61,"1,998,745.25",0.2,0.45
2012-05-15,44.3,44.6,43.5,44.1,"495,328",44.1,137,"21,914,272.00",-0.7,-1.56
2012-05-14,44.6,44.8,44.3,44.8,"75,847",44.8,85,"3,383,918.75",0,0
2012-05-13,45,45.4,44.8,44.8,"81,546",44.8,79,"3,674,911.75",-0.2,-0.44
2012-05-12,43.9,45.2,43.9,45,"1,147,315",45,183,"51,575,081.00",0.6,1.35
2012-05-09,43.7,44.6,43.7,44.4,"55,119",44.4,78,"2,433,057.00",0,0
2012-05-08,44.6,44.6,44.1,44.4,"56,475",44.4,65,"2,507,380.00",0.1,0.23
2012-05-07,44.4,44.6,43.9,44.3,"115,280",44.3,114,"5,100,657.75",-0.5,-1.12
2012-05-06,43.9,45.2,43.7,44.8,"891,914",44.8,199,"40,147,476.25",0.5,1.13
2012-05-05,43.3,44.4,43.3,44.3,"112,056",44.3,100,"4,930,451.50",0.4,0.91
2012-05-02,43.5,44.3,43.1,43.9,"294,105",43.9,169,"12,867,150.00",1.1,2.57
2012-05-01,40.9,42.8,40.9,42.8,"333,300",42.8,154,"14,049,109.00",1.9,4.65
2012-04-30,41.3,41.3,40.7,40.9,"252,875",40.9,135,"10,378,472.75",-0.2,-0.49
2012-04-29,38.6,41.1,38.3,41.1,"401,779",41.1,252,"16,001,149.00",2.1,5.38
2012-04-28,39.2,39.2,38.6,39,"104,571",39,164,"4,065,892.00",0.2,0.52
2012-04-25,39.4,39.4,38.8,38.8,"114,477",38.8,136,"4,472,537.75",-1.5,-3.72
2012-04-24,39,40.3,38.6,40.3,"289,010",40.3,189,"11,427,078.50",1.3,3.33
2012-04-23,41.1,41.4,39,39,"283,448",39,216,"11,502,089.00",-2.4,-5.8
2012-04-22,40.7,41.4,40.1,41.4,"67,844",41.4,83,"2,786,600.25",0.5,1.22
2012-04-21,41.6,41.6,40.1,40.9,"144,134",40.9,124,"5,921,746.00",-0.9,-2.15
2012-04-18,40.5,42.4,39.8,41.8,"737,118",41.8,303,"30,657,975.75",3,7.73
2012-04-17,39,40.1,38.4,38.8,"265,005",38.8,153,"10,364,240.25",0.2,0.52
2012-04-16,39.2,39.4,38.3,38.6,"368,612",38.6,277,"14,238,163.75",-2.3,-5.62
2012-04-15,41.6,41.6,40.1,40.9,"450,999",40.9,232,"18,430,145.25",-0.7,-1.68
2012-04-14,41.8,41.8,41.4,41.6,"513,047",41.6,154,"21,358,027.75",-0.4,-0.95
2012-04-11,42.9,42.9,42,42,"656,194",42,301,"27,906,817.50",-1.5,-3.45
2012-04-10,43.5,44.4,42.8,43.5,"456,967",43.5,169,"19,988,446.75",-0.6,-1.36
2012-04-09,43.9,44.3,43.7,44.1,"165,768",44.1,106,"7,286,850.00",0.4,0.92
2012-04-08,43.5,43.7,43.1,43.7,"141,284",43.7,136,"6,112,528.25",0.2,0.46
2012-04-07,43.7,44.1,42.9,43.5,"132,507",43.5,123,"5,740,302.75",-0.8,-1.81
2012-04-04,43.1,44.3,42.9,44.3,"284,133",44.3,134,"12,297,222.50",0.4,0.91
2012-04-03,44.3,44.4,43.3,43.9,"109,677",43.9,146,"4,808,642.75",-0.2,-0.45
2012-04-02,44.8,44.8,43.7,44.1,"156,481",44.1,112,"6,945,616.75",-0.7,-1.56
2012-04-01,45,45.4,44.3,44.8,"345,563",44.8,172,"15,547,957.50",0,0
2012-03-31,42.9,44.8,42.8,44.8,"670,861",44.8,205,"29,003,477.00",1.9,4.43
2012-03-28,43.7,43.7,42,42.9,"606,165",42.9,249,"26,057,704.75",-1.7,-3.81
2012-03-27,44.8,45.2,44.4,44.6,"398,878",44.6,129,"17,825,242.00",-0.6,-1.33
2012-03-26,45,45.4,45,45.2,"192,998",45.2,112,"8,740,569.50",0,0
2012-03-25,45.4,45.4,44.8,45.2,"313,214",45.2,120,"14,140,213.50",-0.2,-0.44
2012-03-24,45.4,45.6,45.2,45.4,"175,189",45.4,102,"7,944,345.75",0,0
2012-03-21,45.4,45.6,45.2,45.4,"1,284,152",45.4,256,"58,265,440.00",0.2,0.44
2012-03-20,45.6,45.6,45,45.2,"462,039",45.2,244,"20,894,671.75",-0.7,-1.53
2012-03-19,45.4,46.3,45.4,45.9,"921,977",45.9,327,"42,325,696.25",0.5,1.1
2012-03-18,45.6,45.6,45.4,45.4,"550,760",45.4,158,"25,028,436.00",0,0
2012-03-17,45.6,45.8,45.4,45.4,"576,572",45.4,228,"26,232,192.50",-0.2,-0.44
2012-03-14,45,45.8,45,45.6,"904,009",45.6,287,"41,024,813.50",0,0
2012-03-13,45.9,45.9,45.4,45.6,"122,022",45.6,115,"5,561,789.50",0,0
2012-03-12,45.9,46.1,45.6,45.6,"458,754",45.6,236,"21,028,701.50",-0.3,-0.65
2012-03-11,45.4,45.9,45,45.9,"226,086",45.9,156,"10,278,046.00",0.5,1.1
2012-03-10,45.6,45.6,45,45.4,"239,554",45.4,134,"10,837,109.25",0.2,0.44
2012-03-07,45.2,45.4,45,45.2,"124,006",45.2,97,"5,603,742.00",-0.6,-1.31
2012-03-06,45.4,45.9,45,45.8,"153,160",45.8,152,"6,950,293.75",0.2,0.44
2012-03-05,45.8,45.9,45.4,45.6,"133,969",45.6,124,"6,111,583.25",-0.5,-1.08
2012-03-04,46.5,46.5,45.8,46.1,"220,529",46.1,167,"10,184,568.50",-0.4,-0.86
2012-03-03,46.1,46.5,45.9,46.5,"174,973",46.5,108,"8,079,641.00",0.4,0.87
2012-02-29,45.8,46.7,45.2,46.1,"360,194",46.1,203,"16,657,160.75",0.5,1.1
2012-02-28,45.8,45.8,45.4,45.6,"87,235",45.6,83,"3,968,644.00",0,0
2012-02-27,44.8,46.1,44.8,45.6,"514,951",45.6,300,"23,461,806.25",0.8,1.79
2012-02-26,45,45,44.4,44.8,"368,751",44.8,116,"16,464,583.50",-0.2,-0.44
2012-02-25,44.8,45.4,44.3,45,"280,556",45,165,"12,605,217.50",0,0
2012-02-22,44.4,45,44.4,45,"232,477",45,198,"10,417,699.25",0.7,1.58
2012-02-21,44.6,44.6,44.1,44.3,"462,112",44.3,229,"20,468,492.25",0,0
2012-02-20,44.1,44.8,44.1,44.3,"931,290",44.3,382,"41,294,599.00",0.8,1.84
2012-02-19,45.4,45.4,43.5,43.5,"960,439",43.5,501,"42,543,734.75",-1.9,-4.19
2012-02-18,45.4,45.8,45.2,45.4,"305,152",45.4,192,"13,883,507.25",-0.2,-0.44
2012-02-15,45.8,46.3,45.4,45.6,"668,103",45.6,305,"30,578,847.50",0,0
2012-02-14,45.9,46.5,45.6,45.6,"1,148,013",45.6,298,"52,645,970.75",-0.5,-1.08
2012-02-13,46.9,46.9,45.9,46.1,"752,588",46.1,347,"34,718,163.50",-0.6,-1.28
2012-02-12,47.6,47.6,46.7,46.7,"562,233",46.7,210,"26,533,143.50",-0.9,-1.89
2012-02-11,47.4,48,46.9,47.6,"302,147",47.6,167,"14,389,718.00",0.2,0.42
2012-02-08,46.5,47.8,46.5,47.4,"641,212",47.4,324,"30,415,939.50",0.9,1.94
2012-02-07,46.1,46.9,45.9,46.5,"556,962",46.5,285,"25,864,988.75",0.6,1.31
2012-02-06,44.1,46.1,44.1,45.9,"624,647",45.9,310,"28,220,378.25",1.8,4.08
2012-02-05,44.8,44.8,44.1,44.1,"225,088",44.1,130,"9,964,680.75",-0.5,-1.12
2012-02-04,44.6,45.2,44.4,44.6,"134,649",44.6,65,"6,022,667.25",-0.2,-0.45
2012-02-01,44.6,45,44.6,44.8,"114,545",44.8,68,"5,145,263.00",0.2,0.45
2012-01-31,44.3,45,44.3,44.6,"67,061",44.6,78,"3,006,030.00",0.3,0.68
2012-01-30,44.6,44.6,44.3,44.3,"91,763",44.3,86,"4,081,198.50",-0.3,-0.67
2012-01-29,44.8,45.2,44.4,44.6,"490,198",44.6,164,"22,011,698.75",-0.2,-0.45
2012-01-28,44.1,44.8,44.1,44.8,"238,450",44.8,132,"10,613,228.50",0.5,1.13
2012-01-25,43.7,44.3,43.5,44.3,"385,186",44.3,141,"16,882,063.75",0.8,1.84
2012-01-24,43.5,43.7,43.3,43.5,"109,081",43.5,100,"4,747,552.50",-0.2,-0.46
2012-01-23,43.3,43.7,43.3,43.7,"247,055",43.7,95,"10,771,776.00",0.4,0.92
2012-01-22,43.7,43.9,43.3,43.3,"35,999",43.3,52,"1,573,083.50",-0.4,-0.92
2012-01-21,43.7,43.7,43.3,43.7,"150,043",43.7,67,"6,536,953.00",0,0
2012-01-18,43.7,44.3,43.5,43.7,"490,385",43.7,191,"21,439,962.50",-0.4,-0.91
2012-01-17,43.5,44.3,43.3,44.1,"328,750",44.1,147,"14,414,454.75",0.2,0.46
2012-01-16,43.1,44.1,43.1,43.9,"413,611",43.9,196,"18,105,803.75",0.4,0.92
2012-01-15,40.7,40.7,40.3,40.5,"396,799",40.5,191,"16,081,843.50",-0.8,-1.94
2012-01-14,40.5,41.6,40.5,41.3,"413,124",41.3,233,"17,058,707.00",0.4,0.98
2012-01-11,39.8,40.9,39.8,40.9,"574,214",40.9,243,"23,303,269.00",1.3,3.28
2012-01-10,39.6,39.6,39.2,39.6,"263,503",39.6,162,"10,379,393.75",0.4,1.02
2012-01-09,38.6,39.2,38.6,39.2,"268,163",39.2,173,"10,385,984.75",0.9,2.35
2012-01-08,37.9,38.4,37.9,38.3,"196,298",38.3,99,"7,471,628.50",0.4,1.06
2012-01-07,37.9,38.3,37.7,37.9,"316,631",37.9,120,"12,009,577.50",-0.2,-0.52
2012-01-04,38.1,38.1,37.7,38.1,"254,138",38.1,110,"9,624,655.50",0.2,0.53
2012-01-03,38.3,38.4,37.7,37.9,"296,081",37.9,179,"11,296,456.75",0,0
2012-01-02,38.6,38.6,36.8,37.9,"260,192",37.9,210,"9,863,422.25",-0.7,-1.81
2012-01-01,39.4,39.4,38.6,38.6,"193,519",38.6,157,"7,572,130.75",-0.8,-2.03
2011-12-31,39.9,39.9,39,39.4,"170,654",39.4,155,"6,733,388.00",-0.5,-1.25
2011-12-28,39.6,40.3,39.4,39.9,"202,520",39.9,165,"8,075,537.50",0.3,0.76
2011-12-27,39,39.8,38.6,39.6,"266,292",39.6,254,"10,388,793.00",-0.2,-0.5
2011-12-26,39.6,39.8,39,39.8,"185,494",39.8,141,"7,337,587.50",0,0
2011-12-25,38.8,39.8,38.8,39.8,"185,107",39.8,132,"7,260,235.25",1,2.58
2011-12-24,39,39.2,38.8,38.8,"268,857",38.8,135,"10,480,992.50",-0.2,-0.51
2011-12-21,39,39.4,38.8,39,"304,248",39,166,"11,891,043.00",0,0
2011-12-20,38.8,39.4,38.8,39,"332,564",39,126,"12,985,758.00",0.2,0.52
2011-12-19,38.8,39,38.6,38.8,"605,297",38.8,196,"23,560,679.25",0,0
2011-12-18,39,40.1,38.8,38.8,"1,029,704",38.8,413,"40,313,877.25",1.3,3.47
2011-12-17,37.9,38.1,37.1,37.5,"212,901",37.5,192,"7,993,219.45",-0.4,-1.06
2011-12-14,37.5,39,37.5,37.9,"458,701",37.9,356,"17,632,413.60",1.1,2.99
2011-12-13,37.1,37.4,36.2,36.8,"451,523",36.8,271,"16,643,782.60",-0.9,-2.39
2011-12-12,38.6,38.6,37.5,37.7,"145,814",37.7,173,"5,522,563.50",-1.1,-2.84
2011-12-11,39.4,39.4,38.8,38.8,"189,233",38.8,162,"7,407,125.50",-0.8,-2.02
2011-12-10,40.3,40.3,39.2,39.6,"203,723",39.6,212,"8,098,186.50",-0.3,-0.75
2011-12-07,40.3,40.7,39.8,39.9,"142,092",39.9,144,"5,700,430.50",-1.4,-3.39
2011-12-06,40.5,41.3,40.5,41.3,"138,001",41.3,146,"5,653,641.00",0.2,0.49
2011-12-05,40.3,41.1,40.1,41.1,"108,795",41.1,107,"4,411,715.25",0.4,0.98
2011-12-04,40.5,41.1,40.5,40.7,"114,126",40.7,98,"4,645,461.75",0.2,0.49
2011-12-03,39.9,40.5,39.9,40.5,"82,966",40.5,98,"3,346,126.50",0.2,0.5
2011-11-30,40.3,40.3,39.8,40.3,"114,290",40.3,94,"4,590,500.25",-0.4,-0.98
2011-11-29,41.3,41.3,40.7,40.7,"117,494",40.7,82,"4,835,058.75",-0.4,-0.97
2011-11-28,40.7,41.1,40.7,41.1,"194,274",41.1,170,"7,934,158.50",0.4,0.98
2011-11-27,39.8,40.7,39.8,40.7,"220,964",40.7,179,"8,896,673.25",0.9,2.26
2011-11-26,39.2,39.8,39,39.8,"261,904",39.8,153,"10,315,139.25",0.4,1.02
2011-11-23,39,39.6,38.8,39.4,"301,267",39.4,225,"11,780,382.00",0.6,1.55
2011-11-22,39,39,38.3,38.8,"206,208",38.8,218,"7,930,770.25",-0.2,-0.51
2011-11-21,39.8,39.8,39,39,"171,600",39,155,"6,731,562.50",-0.4,-1.02
2011-11-20,39.4,39.8,39.2,39.4,"144,398",39.4,161,"5,683,371.00",0,0
2011-11-19,40.3,40.5,39.4,39.4,"503,586",39.4,290,"20,063,120.75",-1.1,-2.72
2011-11-16,40.9,40.9,39.9,40.5,"214,592",40.5,115,"8,697,916.00",-0.4,-0.98
2011-11-15,40.3,41.1,40.1,40.9,"498,814",40.9,225,"20,305,635.25",1.1,2.76
2011-11-14,40.7,40.7,39.8,39.8,"221,101",39.8,180,"8,892,582.50",-0.7,-1.73
2011-11-13,40.5,41.1,40.3,40.5,"618,134",40.5,206,"25,178,222.75",0,0
2011-11-12,40.7,40.9,39.9,40.5,"566,609",40.5,299,"22,994,301.00",0.4,1
2011-11-02,40.5,40.5,39,40.1,"831,867",40.1,408,"33,171,286.25",-1.2,-2.91
2011-11-01,42.2,42.2,40.7,41.3,"589,159",41.3,277,"24,562,164.75",-0.5,-1.2
2011-10-31,43.3,43.3,41.8,41.8,"706,636",41.8,384,"30,092,925.00",-1.5,-3.46
2011-10-30,43.3,43.5,42.9,43.3,"138,695",43.3,134,"5,979,702.75",0.2,0.46
2011-10-29,43.3,43.7,42.9,43.1,"104,196",43.1,108,"4,497,555.50",0,0
2011-10-26,42.8,43.9,42.8,43.1,"439,873",43.1,230,"19,203,245.00",0,0
2011-10-25,44.1,44.1,42.9,43.1,"228,161",43.1,243,"9,861,484.25",-1.2,-2.71
2011-10-24,43.7,44.4,43.3,44.3,"300,328",44.3,248,"13,200,898.75",0.6,1.37
2011-10-23,42.9,43.7,42.2,43.7,"825,451",43.7,293,"35,534,813.00",1.5,3.55
2011-10-22,43.3,43.7,42,42.2,"204,499",42.2,179,"8,732,140.25",-0.9,-2.09
2011-10-19,43.3,44.3,42.9,43.1,"1,078,744",43.1,394,"47,010,819.25",0.2,0.47
2011-10-18,42.2,43.7,42.2,42.9,"826,671",42.9,591,"35,614,737.50",1.3,3.13
2011-10-17,41.8,41.8,41.3,41.6,"608,198",41.6,179,"25,209,383.25",-0.2,-0.48
2011-10-16,43.3,43.7,43.1,43.5,"341,207",43.5,102,"14,843,547.00",-0.2,-0.46
2011-10-15,42.9,43.9,42.9,43.7,"426,700",43.7,209,"18,558,013.50",0.4,0.92
2011-10-12,42.4,43.3,42.4,43.3,"476,667",43.3,171,"20,540,738.00",0.4,0.93
2011-10-11,42.6,43.1,42.6,42.9,"662,959",42.9,219,"28,400,781.50",0.7,1.66
2011-10-10,41.6,42.4,41.6,42.2,"729,284",42.2,272,"30,551,999.25",0.6,1.44
2011-10-09,41.6,41.8,41.4,41.6,"709,364",41.6,196,"29,535,352.50",0.3,0.73
2011-10-08,41.8,41.8,41.3,41.3,"130,882",41.3,112,"5,435,105.25",-0.5,-1.2
2011-10-05,41.4,41.8,41.4,41.8,"70,264",41.8,65,"2,924,077.75",0,0
2011-10-04,42,42,41.6,41.8,"125,494",41.8,72,"5,242,174.25",0,0
2011-10-03,41.4,42,41.3,41.8,"176,178",41.8,117,"7,344,948.50",0.2,0.48
2011-10-02,41.1,42,41.1,41.6,"180,285",41.6,125,"7,513,743.25",0.5,1.22
2011-10-01,40.9,41.3,40.9,41.1,"61,064",41.1,84,"2,510,608.75",0.6,1.48
2011-09-28,40.7,41.3,40.5,40.5,"117,898",40.5,127,"4,822,335.75",-1.3,-3.11
2011-09-27,41.6,42.2,40.5,41.8,"195,786",41.8,159,"8,167,688.50",0.2,0.48
2011-09-26,40.5,41.8,40.5,41.6,"388,733",41.6,243,"15,938,499.50",1.3,3.23
2011-09-25,40.1,40.5,39.9,40.3,"427,441",40.3,189,"17,222,038.00",0.4,1
2011-09-21,39.4,40.3,39.4,39.9,"440,834",39.9,189,"17,557,989.25",0.5,1.27
2011-09-20,40.1,40.1,39.2,39.4,"210,776",39.4,199,"8,351,598.50",-0.7,-1.75
2011-09-19,39.9,40.3,39.8,40.1,"91,888",40.1,91,"3,671,669.50",0.2,0.5
2011-09-18,40.9,41.1,39.9,39.9,"262,323",39.9,156,"10,652,820.50",-0.8,-1.97
2011-09-17,40.7,40.9,40.5,40.7,"126,962",40.7,97,"5,166,731.00",0,0
2011-09-14,40.9,41.3,40.7,40.7,"176,172",40.7,155,"7,209,827.50",-0.6,-1.45
2011-09-13,42,42,41.1,41.3,"136,197",41.3,148,"5,661,421.50",-1.3,-3.05
2011-09-12,42.8,42.8,42.4,42.6,"235,779",42.6,176,"10,075,557.25",0,0
2011-09-11,42.2,42.8,42,42.6,"281,517",42.6,147,"11,949,826.50",0.2,0.47
2011-09-10,42,42.4,42,42.4,"221,345",42.4,108,"9,371,487.00",0,0
2011-09-07,41.4,42.4,41.3,42.4,"468,035",42.4,260,"19,600,174.50",1,2.42
2011-09-06,40.7,41.6,40.1,41.4,"782,784",41.4,273,"32,232,471.50",1.1,2.73
2011-09-05,40.3,40.9,40.1,40.3,"194,415",40.3,117,"7,889,348.00",-0.2,-0.49
2011-09-04,40.1,40.5,39.8,40.5,"333,269",40.5,140,"13,330,977.50",0,0
2011-09-03,41.8,42,41.4,41.8,"159,905",41.8,141,"6,673,281.75",-0.2,-0.48
2011-08-24,41.6,42.2,41.4,42,"788,292",42,410,"32,882,184.00",0.4,0.96
2011-08-23,41.6,42,41.3,41.6,"687,340",41.6,288,"28,489,086.75",0.2,0.48
2011-08-22,42,42,40.9,41.4,"368,736",41.4,319,"15,233,502.00",-0.4,-0.96
2011-08-21,42,42,41.3,41.8,"420,436",41.8,330,"17,526,811.00",0.5,1.21
2011-08-20,42.2,42.8,40.9,41.3,"1,335,564",41.3,751,"55,520,826.75",-0.9,-2.13
2011-08-17,42.9,43.1,42,42.2,"488,568",42.2,333,"20,627,537.75",-0.9,-2.09
2011-08-16,44.1,44.1,42.4,43.1,"906,472",43.1,637,"39,084,247.25",-1.5,-3.36
2011-08-15,42,44.6,41.8,44.6,"1,720,289",44.6,826,"74,769,324.50",2,4.69
2011-08-14,42.6,42.6,41.1,42.6,"1,436,064",42.6,690,"60,117,157.25",1.3,3.15
2011-08-13,41.6,43.3,40.5,41.3,"1,863,876",41.3,"1,096","78,193,635.75",-0.3,-0.72
2011-08-10,41.8,41.8,39.8,41.6,"4,699,703",41.6,"1,336","195,528,932.75",3.5,9.19
2011-08-09,38.1,38.1,38.1,38.1,"517,710",38.1,126,"19,705,819.00",3.4,9.8
2011-08-08,33.3,34.8,33.2,34.7,"1,938,170",34.7,561,"66,623,276.80",1.7,5.15
2011-08-07,32,33.2,32,33,"977,582",33,348,"32,124,415.10",0.7,2.17
2011-08-06,32,32.3,31.7,32.3,"263,543",32.3,218,"8,445,617.90",0.3,0.94
2011-08-03,31.9,32.1,31.9,32,"432,488",32,278,"13,828,491.60",0.1,0.31
2011-08-02,31.8,32.3,31.7,31.9,"1,080,532",31.9,461,"34,437,853.70",0.2,0.63
2011-08-01,32.4,32.6,31.5,31.7,"1,248,062",31.7,480,"39,697,716.30",-0.9,-2.76
2011-07-31,32.7,32.8,32.4,32.6,"105,197",32.6,104,"3,425,685.50",0,0
2011-07-30,32.3,33.1,32.3,32.6,"754,973",32.6,244,"24,608,062.60",0.3,0.93
2011-07-27,32,32.3,31.9,32.3,"390,174",32.3,159,"12,523,076.30",0.2,0.62
2011-07-26,31.4,32.1,31.4,32.1,"744,571",32.1,290,"23,617,252.30",0.7,2.23
2011-07-25,31.9,31.9,31.3,31.4,"323,731",31.4,234,"10,178,571.30",-0.6,-1.88
2011-07-24,32.6,32.6,31.4,32,"330,092",32,221,"10,461,105.60",-0.1,-0.31
2011-07-23,32.6,32.7,32,32.1,"294,251",32.1,220,"9,500,655.60",-0.5,-1.53
2011-07-20,33.2,33.2,32.4,32.6,"464,814",32.6,245,"15,154,203.50",-0.6,-1.81
2011-07-19,33.8,33.8,33.2,33.2,"220,004",33.2,146,"7,358,354.00",-0.6,-1.78
2011-07-18,33.8,34.1,33.8,33.8,"187,203",33.8,155,"6,329,120.30",-0.1,-0.29
2011-07-17,33.9,34.1,33.9,33.9,"38,050",33.9,62,"1,292,106.20",-0.1,-0.29
2011-07-16,31.1,31.1,31,31,"182,429",31,113,"5,664,305.70",0,0
2011-07-13,30.9,31.1,30.8,31,"191,861",31,178,"5,936,819.90",-0.3,-0.96
2011-07-12,31.3,31.9,31.1,31.3,"291,055",31.3,233,"9,151,180.60",0,0
2011-07-11,30.8,31.5,30.8,31.3,"457,775",31.3,294,"14,291,606.40",0.1,0.32
2011-07-10,30.7,31.5,30.7,31.2,"499,497",31.2,327,"15,587,371.60",0.6,1.96
2011-07-09,30.6,30.9,30.5,30.6,"141,630",30.6,111,"4,345,291.70",-0.2,-0.65
2011-07-06,30.8,31.3,30.7,30.8,"234,182",30.8,154,"7,217,289.40",0,0
2011-07-05,31.2,31.2,30.2,30.8,"270,475",30.8,247,"8,284,048.00",-0.6,-1.91
2011-07-04,31.2,31.5,31.1,31.4,"217,633",31.4,152,"6,840,512.60",0,0
2011-07-03,31.4,31.7,31.1,31.4,"337,433",31.4,248,"10,594,433.30",0.5,1.62
2011-07-02,30.2,31.3,30,30.9,"444,416",30.9,399,"13,586,286.30",0.7,2.32
2011-06-29,31.7,31.7,29.8,30.2,"1,070,723",30.2,837,"32,303,572.40",-1.4,-4.43
2011-06-28,33,33,31.6,31.6,"621,452",31.6,481,"20,154,045.30",-1.6,-4.82
2011-06-27,33.3,33.7,33.2,33.2,"138,625",33.2,184,"4,628,692.60",-0.1,-0.3
2011-06-26,33.4,33.5,32.9,33.3,"413,924",33.3,259,"13,702,817.90",-0.8,-2.35
2011-06-25,34.5,34.5,33.8,34.1,"303,584",34.1,192,"10,280,093.90",-0.4,-1.16
2011-06-22,35.4,35.5,33.8,34.5,"272,383",34.5,269,"9,562,662.30",-1.1,-3.09
2011-06-21,36.1,36.1,35.3,35.6,"194,652",35.6,230,"6,924,320.80",-0.5,-1.39
2011-06-20,36.5,36.6,36.1,36.1,"373,165",36.1,317,"13,549,217.60",-0.5,-1.37
2011-06-19,36.8,36.9,36.1,36.6,"232,518",36.6,213,"8,533,522.70",-0.7,-1.88
2011-06-18,37.7,37.7,37.2,37.3,"182,074",37.3,213,"6,812,597.25",-0.8,-2.1
2011-06-15,37.9,38.6,37.5,38.1,"721,161",38.1,335,"27,543,416.75",0.2,0.53
2011-06-14,35.9,37.9,35.9,37.9,"945,011",37.9,511,"35,227,878.75",2,5.57
2011-06-13,35.9,36.1,35.7,35.9,"345,617",35.9,215,"12,412,627.50",0.2,0.56
2011-06-12,36.4,36.4,35.7,35.7,"261,320",35.7,249,"9,390,447.80",-0.5,-1.38
2011-06-11,36.8,36.9,36.2,36.2,"90,240",36.2,125,"3,291,978.00",-0.6,-1.63
2011-06-08,36.9,36.9,36.3,36.8,"441,241",36.8,232,"16,170,564.70",-0.2,-0.54
2011-06-07,38.1,38.1,36.8,37,"489,945",37,398,"18,196,012.90",-0.7,-1.86
2011-06-06,37.7,38.1,37.5,37.7,"192,621",37.7,228,"7,254,498.75",-0.2,-0.53
2011-06-05,37.7,38.1,37.4,37.9,"417,711",37.9,343,"15,789,620.50",0.7,1.88
2011-06-04,36.9,37.9,36.8,37.2,"667,558",37.2,334,"24,925,926.10",0.2,0.54
2011-06-01,37.5,37.7,36.9,37,"386,870",37,363,"14,375,333.70",-0.5,-1.33
2011-05-31,37.4,38.6,37.4,37.5,"681,203",37.5,538,"25,794,534.40",0.1,0.27
2011-05-30,37.7,38.3,37.1,37.4,"480,016",37.4,304,"18,005,910.35",0,0
2011-05-29,38.1,38.1,37.1,37.4,"1,031,268",37.4,453,"38,771,029.10",-1,-2.6
2011-05-28,40.1,40.1,37.3,38.4,"1,035,474",38.4,670,"40,320,192.50",-1.9,-4.71
2011-05-25,41.1,41.1,40.3,40.3,"357,719",40.3,367,"14,523,574.50",-0.8,-1.95
2011-05-24,41.3,41.3,40.3,41.1,"875,075",41.1,480,"35,563,833.50",-0.5,-1.2
2011-05-23,42.6,42.6,41.6,41.6,"573,420",41.6,450,"24,067,732.50",-0.8,-1.89
2011-05-22,43.5,44.3,42.4,42.4,"1,079,240",42.4,959,"46,330,716.25",-1.1,-2.53
2011-05-21,43.1,43.7,42.6,43.5,"369,060",43.5,248,"15,927,331.25",0.2,0.46
2011-05-18,42.6,43.3,42,43.3,"252,783",43.3,214,"10,832,909.75",0.5,1.17
2011-05-17,44.6,44.6,42,42.8,"475,063",42.8,488,"20,409,769.50",-1.8,-4.04
2011-05-16,44.8,45.2,44.3,44.6,"244,966",44.6,211,"10,937,803.50",0.3,0.68
2011-05-15,43.9,44.6,43.5,44.3,"651,386",44.3,242,"28,972,609.50",0,0
2011-05-14,44.3,45,43.9,44.3,"284,654",44.3,253,"12,619,300.00",-1.1,-2.42
2011-05-11,45.8,46.1,45,45.4,"463,246",45.4,323,"21,036,414.00",-0.4,-0.87
2011-05-10,44.8,45.9,44.8,45.8,"341,353",45.8,311,"15,490,218.75",1.5,3.39
2011-05-09,43.1,45.6,43.1,44.3,"649,100",44.3,351,"28,899,763.75",0.6,1.37
2011-05-08,42.8,44.3,42.8,43.7,"530,055",43.7,381,"23,071,829.25",1.3,3.07
2011-05-07,42,42.6,41.3,42.4,"290,409",42.4,297,"12,225,887.75",0.4,0.95
2011-05-04,42.2,42.4,40.9,42,"627,800",42,590,"26,095,294.75",-0.9,-2.1
2011-05-03,43.3,43.9,42,42.9,"538,393",42.9,368,"23,228,908.50",0.1,0.23
2011-05-02,41.4,42.9,41.4,42.8,"710,632",42.8,398,"30,032,727.75",1.4,3.38
2011-05-01,40.9,41.6,40.3,41.4,"475,789",41.4,276,"19,385,843.75",0.5,1.22
2011-04-30,40.5,42.9,40.1,40.9,"1,847,686",40.9,715,"75,912,521.25",0,0
2011-04-27,40.5,41.3,39.9,40.9,"983,078",40.9,517,"39,839,402.25",0,0
2011-04-26,41.1,41.8,40.3,40.9,"589,828",40.9,450,"24,139,193.75",0.2,0.49
2011-04-25,40.9,41.6,40.3,40.7,"534,472",40.7,419,"21,814,537.00",-0.6,-1.45
2011-04-24,39,41.6,37.7,41.3,"459,257",41.3,370,"18,345,470.75",-0.3,-0.72
2011-04-23,33.9,34.4,33.9,34,"64,152",34,81,"2,183,357.90",0.2,0.59
2011-04-20,34.1,34.4,33.8,33.8,"72,789",33.8,80,"2,465,671.20",-0.3,-0.88
2011-04-19,34.3,34.4,33.8,34.1,"61,322",34.1,90,"2,094,024.10",0.3,0.89
2011-04-18,33.9,34.2,33.7,33.8,"255,700",33.8,243,"8,668,651.40",0,0
2011-04-17,33.2,33.8,33.1,33.8,"194,555",33.8,118,"6,506,084.00",0.6,1.81
2011-04-16,33.7,33.7,33.1,33.2,"140,460",33.2,143,"4,701,424.10",-0.5,-1.48
2011-04-13,33.8,33.8,33.6,33.7,"85,410",33.7,90,"2,879,556.30",-0.1,-0.3
2011-04-12,34.3,34.3,33.6,33.8,"95,694",33.8,113,"3,242,692.90",-0.3,-0.88
2011-04-11,33.8,34.1,33.7,34.1,"155,977",34.1,154,"5,273,412.40",0.3,0.89
2011-04-10,34.1,34.1,33.7,33.8,"201,336",33.8,139,"6,820,148.90",-0.3,-0.88
2011-04-09,33.9,34.1,33.6,34.1,"458,313",34.1,243,"15,504,294.80",0.3,0.89
2011-04-06,34,34.1,33.8,33.8,"246,182",33.8,106,"8,341,667.90",0.1,0.3
2011-04-05,33.9,34.4,33.7,33.7,"114,666",33.7,88,"3,879,999.00",0,0
2011-04-04,33.7,33.9,33.7,33.7,"138,721",33.7,122,"4,686,378.20",0.2,0.6
2011-04-03,34.2,34.2,33.5,33.5,"109,585",33.5,102,"3,701,924.90",-0.3,-0.89
2011-04-02,33.8,33.8,33.6,33.8,"228,070",33.8,163,"7,693,598.30",0,0
2011-03-30,33.9,33.9,33.4,33.8,"142,466",33.8,147,"4,798,019.20",-0.1,-0.29
2011-03-29,34.5,34.5,33.8,33.9,"101,739",33.9,148,"3,465,055.40",-0.2,-0.59
2011-03-28,34.5,34.6,33.8,34.1,"259,019",34.1,211,"8,837,165.00",-0.3,-0.87
2011-03-27,34.4,34.5,34.4,34.4,"109,045",34.4,108,"3,754,375.30",0.1,0.29
2011-03-26,34.4,34.8,34.3,34.3,"222,610",34.3,136,"7,668,908.20",-0.1,-0.29
2011-03-23,34.4,34.9,34.1,34.4,"169,534",34.4,148,"5,823,084.50",0,0
2011-03-22,34.1,34.7,34.1,34.4,"169,880",34.4,182,"5,855,880.70",0.4,1.18
2011-03-21,34.4,34.6,34,34,"127,355",34,151,"4,371,128.40",-0.3,-0.87
2011-03-20,34.9,35,34.3,34.3,"191,473",34.3,177,"6,609,206.50",-0.6,-1.72
2011-03-16,34.7,35.2,34.4,34.9,"150,675",34.9,134,"5,235,781.30",-0.1,-0.29
2011-03-15,35,36,34,35,"340,906",35,274,"12,047,280.30",0,0
2011-03-14,34.9,35.3,34.5,35,"708,033",35,322,"24,802,636.30",0.9,2.64
2011-03-13,32.3,34.5,32.3,34.1,"747,721",34.1,514,"25,317,169.40",1.9,5.9
2011-03-12,31.5,32.6,31.5,32.2,"424,184",32.2,393,"13,662,952.50",1.2,3.87
2011-03-09,32.1,32.2,31.5,31.7,"311,147",31.7,397,"9,902,427.70",-0.6,-1.86
2011-03-08,32.3,32.3,31.5,32.3,"520,196",32.3,615,"16,582,653.90",-0.1,-0.31
2011-03-07,31.1,32.4,30.5,32.4,"1,286,291",32.4,"1,304","40,632,160.80",0.9,2.86
2011-03-06,29,31.5,28.7,31.5,"720,389",31.5,676,"21,470,457.40",2,6.78
2011-03-05,30.8,31.1,29.5,29.5,"1,017,269",29.5,"1,023","30,483,233.70",-3.1,-9.51
2011-03-02,32.1,32.6,31.5,32.6,"429,923",32.6,505,"13,660,113.00",0.3,0.93
2011-03-01,32.1,32.8,32,32.3,"603,769",32.3,797,"19,533,473.40",-2.1,-6.1
2011-02-28,34.4,34.4,31.5,34.4,"1,180,361",34.4,"1,065","37,643,971.00",-0.6,-1.71
2011-02-27,37.4,37.4,34.9,35,"637,985",35,741,"22,544,911.80",-2.5,-6.67
2011-02-23,38.3,38.6,37.2,37.5,"220,030",37.5,271,"8,256,278.00",-1.1,-2.85
2011-02-22,39,39,37.9,38.6,"94,195",38.6,183,"3,625,473.00",-0.4,-1.03
2011-02-21,38.4,39.4,38.4,39,"137,135",39,227,"5,348,429.25",-0.2,-0.51
2011-02-20,39.9,39.9,37.9,39.2,"394,731",39.2,402,"15,276,535.75",-1.7,-4.16
2011-02-19,39.8,41.1,39.2,40.9,"613,270",40.9,425,"24,453,145.25",1,2.51
2011-02-16,38.6,40.1,38.3,39.9,"474,445",39.9,371,"18,631,255.00",0.9,2.31
2011-02-15,38.3,39.6,37.5,39,"787,064",39,552,"30,401,799.75",0.7,1.83
2011-02-14,37.9,38.6,36.9,38.3,"665,386",38.3,631,"25,326,979.95",0.4,1.06
2011-02-13,38.1,39,37.9,37.9,"607,797",37.9,678,"23,348,828.50",-0.5,-1.3
2011-02-12,37.7,38.6,37.4,38.4,"1,380,455",38.4,782,"52,448,076.00",1,2.67
2011-02-09,35.5,37.7,35.3,37.4,"712,881",37.4,690,"26,150,046.70",1.5,4.18
2011-02-08,34.7,35.9,34.4,35.9,"378,919",35.9,724,"13,358,024.40",0.6,1.7
2011-02-07,33.2,35.3,33.2,35.3,"469,539",35.3,728,"15,991,289.00",2.1,6.33
2011-02-06,33.4,33.4,31.5,33.2,"326,136",33.2,746,"10,652,214.80",-0.5,-1.48
2011-02-05,33.8,33.8,33.4,33.7,"168,373",33.7,291,"5,656,419.00",-0.3,-0.88
2011-02-02,34.9,34.9,33.8,34,"303,790",34,503,"10,323,399.80",-0.5,-1.45
2011-02-01,34.5,35.6,34.2,34.5,"491,512",34.5,493,"17,092,892.40",-0.1,-0.29
2011-01-31,33.1,34.7,32.9,34.6,"458,597",34.6,675,"15,495,226.00",1.2,3.59
2011-01-30,34.5,34.6,33.2,33.4,"531,685",33.4,733,"17,900,679.90",-1.7,-4.84
2011-01-29,35.2,35.4,35,35.1,"584,147",35.1,636,"20,580,509.80",0,0
2011-01-26,35.2,35.3,34.9,35.1,"423,379",35.1,424,"14,842,499.80",-0.1,-0.28
2011-01-25,40.5,41.6,39.9,41.6,"346,689",41.6,314,"14,121,501.50",-0.2,-0.48
2011-01-24,43.3,43.3,40.9,41.8,"651,733",41.8,542,"27,273,484.00",-1.5,-3.46
2011-01-23,43.1,43.5,42.9,43.3,"715,226",43.3,331,"30,857,957.50",0.4,0.93
2011-01-22,41.6,43.9,40.5,42.9,"2,021,155",42.9,"1,519","84,850,990.00",-1.4,-3.16
2011-01-19,43.1,44.3,42,44.3,"759,040",44.3,477,"32,150,056.00",2.9,7
2011-01-18,38.1,41.6,37.5,41.4,"1,397,625",41.4,532,"56,307,863.50",3.5,9.23
2011-01-17,37.9,38.3,37.2,37.9,"403,019",37.9,205,"15,178,513.00",0.2,0.53
2011-01-16,37.7,38.6,37.7,37.7,"411,514",37.7,215,"15,719,105.25",1.2,3.29
2011-01-15,36.4,36.7,36,36.5,"266,108",36.5,204,"9,710,570.30",-0.3,-0.82
2011-01-12,35.7,37.1,35.5,36.8,"610,285",36.8,281,"22,123,418.00",0.9,2.51
2011-01-11,35.3,35.9,35.3,35.9,"553,025",35.9,275,"19,787,781.90",0.6,1.7
2011-01-10,33.4,35.6,33.4,35.3,"550,561",35.3,398,"19,306,399.10",2.1,6.33
2011-01-09,32.3,33.2,32.3,33.2,"581,815",33.2,293,"19,133,482.50",1.4,4.4
2011-01-08,31.7,31.9,31.5,31.8,"307,448",31.8,186,"9,758,286.00",0,0
2011-01-05,31.1,31.9,31.1,31.8,"264,557",31.8,231,"8,375,301.10",0.1,0.32
2011-01-04,31.5,31.9,31,31.7,"582,199",31.7,309,"18,416,613.70",0,0
2011-01-03,31.7,32,31.4,31.7,"681,902",31.7,242,"21,600,395.80",-0.1,-0.31
2011-01-02,31.1,31.8,31.1,31.8,"786,511",31.8,295,"24,869,912.70",0.6,1.92
2011-01-01,30.5,31.2,30.5,31.2,"735,019",31.2,301,"22,806,327.70",0.4,1.3
2010-12-29,30.5,31,30.4,30.8,"1,909,276",30.8,619,"58,719,703.40",0.8,2.67
2010-12-28,29.9,30.1,29.9,30,"340,586",30,217,"10,215,401.60",0.1,0.33
2010-12-27,30.2,30.2,29.8,29.9,"603,389",29.9,193,"18,052,321.10",-0.1,-0.33
2010-12-26,29.7,30.8,29.6,30,"852,605",30,375,"25,782,514.00",0.2,0.67
2010-12-25,29.8,29.9,29.6,29.8,"920,638",29.8,434,"27,395,265.00",0.1,0.34
2010-12-22,29.9,29.9,29.7,29.7,"237,523",29.7,202,"7,070,824.30",-0.3,-1
2010-12-21,29.8,30,29.8,30,"307,568",30,236,"9,208,847.50",0.1,0.33
2010-12-20,30,30,29.8,29.9,"168,601",29.9,112,"5,031,875.30",-0.1,-0.33
2010-12-19,29.9,30.1,29.7,30,"608,323",30,368,"18,170,379.90",0,0
2010-12-18,30.2,30.2,29.7,30,"298,569",30,169,"8,949,269.20",0,0
2010-12-15,29.9,30.1,29.6,30,"205,618",30,135,"6,149,414.00",-0.2,-0.66
2010-12-14,30.2,30.5,29,30.2,"542,816",30.2,362,"16,079,519.50",-0.2,-0.66
2010-12-13,30.6,30.7,29.5,30.4,"737,100",30.4,292,"22,186,216.60",-0.3,-0.98
2010-12-12,30.6,30.7,30.2,30.7,"71,626",30.7,77,"2,181,952.40",0,0
2010-12-11,30.6,30.8,30.4,30.7,"118,157",30.7,104,"3,625,052.10",0.1,0.33
2010-12-08,30,30.6,29.6,30.6,"279,240",30.6,199,"8,410,294.90",-0.2,-0.65
2010-12-07,30.8,31,30.5,30.8,"171,286",30.8,123,"5,259,608.90",0,0
2010-12-06,30.2,30.8,30,30.8,"233,862",30.8,170,"7,078,351.30",0.9,3.01
2010-12-05,30.3,30.3,29.3,29.9,"544,481",29.9,252,"16,259,518.30",-0.9,-2.92
2010-12-04,30.6,30.8,30,30.8,"271,331",30.8,188,"8,261,001.40",0,0
2010-12-01,30.8,31,29.8,30.8,"286,457",30.8,260,"8,650,460.60",-0.3,-0.96
2010-11-30,30.7,31.1,30.6,31.1,"189,945",31.1,156,"5,846,423.90",0.4,1.3
2010-11-29,30.6,30.8,30.3,30.7,"155,967",30.7,172,"4,760,351.00",-0.1,-0.32
2010-11-28,31,31,29.9,30.8,"397,322",30.8,271,"12,032,960.30",-0.2,-0.65
2010-11-27,30.4,31,30,31,"270,561",31,229,"8,250,566.40",0.4,1.31
2010-11-24,31.1,31.2,30.3,30.6,"285,734",30.6,246,"8,805,661.70",-0.6,-1.92
2010-11-23,31.1,31.2,30.9,31.2,"227,714",31.2,196,"7,076,126.50",-0.1,-0.32
2010-11-22,31.2,31.3,30.9,31.3,"239,574",31.3,260,"7,452,770.70",0.1,0.32
2010-11-21,31.1,31.2,30.8,31.2,"198,490",31.2,216,"6,154,529.60",0.1,0.32
2010-11-20,30.8,31.1,30.7,31.1,"49,735,574",31.1,383,"1,418,735,576.20",-0.1,-0.32
2010-11-10,31.1,31.2,30.9,31.2,"9,362,298",31.2,323,"268,157,541.20",0.1,0.32
2010-11-09,31.2,31.2,30.9,31.1,"253,272",31.1,249,"7,857,820.70",-0.2,-0.64
2010-11-08,31.2,31.4,30.9,31.3,"367,809",31.3,431,"11,453,793.00",-0.1,-0.32
2010-11-07,31.1,31.4,31.1,31.4,"575,818",31.4,531,"18,004,795.90",0,0
2010-11-06,31.3,31.7,31.1,31.4,"222,720",31.4,245,"6,981,871.60",0,0
2010-11-03,31.1,31.5,31.1,31.4,"127,933",31.4,198,"4,016,512.40",0,0
2010-11-02,31.2,31.4,31.1,31.4,"65,650",31.4,141,"2,047,327.30",0,0
2010-11-01,31.2,31.7,31.1,31.4,"162,208",31.4,220,"5,082,209.40",-0.2,-0.63
2010-10-31,31.2,31.6,31,31.6,"212,036",31.6,300,"6,643,718.70",0,0
2010-10-30,31.6,31.6,31,31.6,"395,165",31.6,432,"12,380,552.70",-0.1,-0.32
2010-10-27,31.7,32.3,31.5,31.7,"519,706",31.7,464,"16,606,859.50",0,0
2010-10-26,34.9,35.3,34.9,35.2,"455,834",35.2,447,"16,028,330.10",0.2,0.57
2010-10-25,35,35.1,34.7,35,"520,774",35,628,"18,203,307.50",-0.3,-0.85
2010-10-24,35.3,35.6,34.7,35.3,"796,407",35.3,"1,073","28,061,506.80",0,0
2010-10-23,36.1,36.3,35.3,35.3,"1,064,368",35.3,"1,280","37,996,690.00",-0.4,-1.12
2010-10-20,35.5,36.4,35.3,35.7,"1,257,811",35.7,"1,421","44,916,568.30",-2,-5.31
2010-10-19,36,38.3,35.6,37.7,"2,101,930",37.7,"1,562","77,391,346.75",0.9,2.45
2010-10-18,38.4,38.6,35.7,36.8,"2,313,473",36.8,"2,552","84,554,931.60",-1.6,-4.17
2010-10-17,36.5,39.2,36.4,38.4,"3,569,883",38.4,"3,822","135,985,405.55",2.2,6.08
2010-10-16,37.7,37.7,36.2,36.2,"552,717",36.2,723,"20,305,508.40",-2.1,-5.48
2010-10-13,38.6,39.2,37.5,38.3,"594,317",38.3,897,"22,703,721.50",0,0
2010-10-12,36,38.6,34.5,38.3,"2,596,314",38.3,"1,371","96,225,071.80",2.4,6.69
2010-10-11,35.9,38.3,34.9,35.9,"3,562,180",35.9,"2,393","129,992,817.60",-2.7,-6.99
2010-10-10,41.4,41.4,38.6,38.6,"7,968,081",38.6,"1,017","360,567,263.50",-4.2,-9.81
2010-10-09,42.8,43.1,41.4,42.8,"1,072,697",42.8,"1,043","45,342,226.25",0.4,0.94
2010-10-06,44.6,45.8,42.4,42.4,"2,363,456",42.4,"2,445","102,871,143.25",-4.3,-9.21
2010-10-05,45.2,46.9,42.9,46.7,"858,985",46.7,"1,396","38,715,729.50",0.4,0.86
2010-10-04,44.3,46.5,39.2,46.3,"2,595,306",46.3,"2,630","108,149,657.00",2.8,6.44
2010-10-03,48.2,48.2,43.5,43.5,"619,345",43.5,787,"27,644,625.25",-4.7,-9.75
2010-10-02,43.1,48.2,42.8,48.2,"901,783",48.2,"1,070","40,506,838.75",3.4,7.59
2010-09-29,47.1,47.1,44.8,44.8,"532,264",44.8,912,"24,339,435.75",-3.8,-7.82
2010-09-28,50.25,50.25,48.4,48.6,"789,298",48.6,896,"38,632,662.75",-1.65,-3.28
2010-09-27,48.9,50.25,48,50.25,"1,103,350",50.25,725,"54,507,670.00",0.35,0.7
2010-09-26,50.5,50.75,49.5,49.9,"439,366",49.9,517,"21,928,828.25",-2.1,-4.04
2010-09-25,51.25,52.25,50.25,52,"808,720",52,926,"41,382,563.25",1.25,2.46
2010-09-21,49.9,51,48.6,50.75,"1,807,200",50.75,"1,657","90,672,046.50",0,0
2010-09-20,49.9,50.75,49.7,50.75,"674,395",50.75,788,"33,875,590.50",-0.25,-0.49
2010-09-19,50.25,51,49.3,51,"915,157",51,"1,255","45,735,418.75",0.25,0.49
2010-09-18,50.5,51.25,49.7,50.75,"1,776,157",50.75,"2,301","89,525,377.25",-1,-1.93
2010-09-15,54,54.25,49.5,51.75,"2,121,544",51.75,"3,101","110,037,274.00",-1.25,-2.36
2010-09-14,52.75,54.75,51.75,53,"2,257,041",53,"3,075","120,310,438.00",-1.5,-2.75
2010-09-06,54,54.75,49.5,54.5,"5,717,220",54.5,"3,213","295,728,738.75",-0.5,-0.91
2010-09-05,53,55.25,51.25,55,"1,261,640",55,"1,509","67,127,004.50",-1,-1.79
2010-09-04,53,56.25,52.25,56,"1,698,775",56,644,"89,683,044.50",-1.75,-3.03
2010-09-01,58.25,58.25,55.75,57.75,"823,955",57.75,717,"47,061,506.50",-1.25,-2.12
2010-08-31,58.5,59.5,57.5,59,"619,885",59,738,"36,157,287.25",1,1.72
2010-08-30,57.75,60.25,57,58,"1,136,582",58,"1,190","66,386,836.25",-1.75,-2.93
2010-08-29,58.5,59.75,55.25,59.75,"1,191,628",59.75,"1,148","68,433,596.75",-0.25,-0.42
2010-08-28,59.75,61.25,57.75,60,"716,230",60,904,"42,276,820.00",-2,-3.23
2010-08-25,51.75,62,51.75,62,"2,506,368",62,"1,333","143,254,025.25",5,8.77
2010-08-24,53.75,57.5,53.5,57,"2,057,329",57,"1,245","115,517,555.75",4.75,9.09
2010-08-23,48.8,52.5,48.8,52.25,"1,369,703",52.25,"1,281","70,153,513.00",3.65,7.51
2010-08-22,45.4,48.6,42.8,48.6,"1,700,456",48.6,"1,186","78,058,102.50",1.7,3.62
2010-08-21,44.6,47.3,44.3,46.9,"1,189,112",46.9,832,"55,022,550.75",-1.9,-3.89
2010-08-18,42,48.8,42,48.8,"1,810,143",48.8,"1,075","78,793,827.50",2.3,4.95
2010-08-17,42.6,47.6,42.6,46.5,"855,903",46.5,210,"37,206,775.75",-0.8,-1.69
2010-08-16,47.4,50.25,47.3,47.3,"163,932",47.3,149,"7,796,393.25",-4.95,-9.47
2010-08-15,51.75,52.5,49.7,52.25,"543,352",52.25,590,"27,903,864.75",1.5,2.96
2010-08-14,49.5,50.75,46.9,50.75,"848,749",50.75,715,"41,726,077.25",0,0
2010-08-11,50,51.5,47.1,50.75,"446,843",50.75,406,"22,022,977.75",-0.25,-0.49
2010-08-10,51.5,51.5,50.25,51,"466,546",51,260,"23,803,624.00",-0.75,-1.45
2010-08-09,51.75,52.5,50.75,51.75,"409,631",51.75,427,"21,080,211.25",0,0
2010-08-08,52.25,53.25,51,51.75,"526,362",51.75,628,"27,158,909.50",0.25,0.49
2010-08-07,51,51.75,50.25,51.5,"381,844",51.5,544,"19,438,954.50",0.5,0.98
2010-08-04,49.5,51.25,46.3,51,"769,498",51,539,"37,662,193.75",-0.5,-0.97
2010-08-03,51,51.75,47.3,51.5,"245,346",51.5,380,"12,196,432.50",-1,-1.9
2010-08-02,53,53,50.5,52.5,"152,271",52.5,248,"7,861,026.50",-0.25,-0.47
2010-08-01,53,53.75,50.25,52.75,"325,819",52.75,265,"16,960,815.75",-0.25,-0.47
2010-07-31,52.25,53.25,51.5,53,"338,733",53,295,"17,786,405.75",0.5,0.95
2010-07-28,55.25,55.25,52.5,52.5,"117,768",52.5,180,"6,368,382.75",-2.75,-4.98
2010-07-27,53.75,55.75,53.75,55.25,"216,731",55.25,249,"11,948,173.50",1.5,2.79
2010-07-26,53.75,56,52.5,53.75,"295,977",53.75,322,"15,802,743.25",0,0
2010-07-25,56.75,56.75,51.75,53.75,"466,058",53.75,499,"25,071,659.25",-3.25,-5.7
2010-07-24,58.25,58.5,57,57,"77,182",57,153,"4,451,630.25",-1,-1.72
2010-07-21,58.25,59,57.5,58,"542,105",58,310,"31,553,346.75",-0.25,-0.43
2010-07-20,57.5,59,56.75,58.25,"148,124",58.25,228,"8,596,724.25",0.5,0.87
2010-07-19,56.75,57.75,56.75,57.75,"238,775",57.75,288,"13,651,650.75",0.75,1.32
2010-07-18,58.25,58.5,56.25,57,"387,032",57,407,"22,316,913.25",-1.25,-2.15
2010-07-17,56.25,59.25,56,58.25,"789,078",58.25,716,"45,651,437.50",1.5,2.64
2010-07-14,53.75,57.25,53.75,56.75,"499,142",56.75,501,"27,540,207.75",3,5.58
2010-07-13,53.25,54.25,53,53.75,"275,974",53.75,301,"14,805,126.25",0.25,0.47
2010-07-12,54.5,55.5,53.5,53.5,"611,574",53.5,556,"33,019,957.25",-0.25,-0.47
2010-07-11,50.25,54.25,49.9,53.75,"852,048",53.75,590,"45,055,085.00",4.25,8.59
2010-07-10,49.1,50.5,49.1,49.5,"373,971",49.5,221,"18,696,286.75",0.2,0.41
2010-07-07,49.3,49.5,48.9,49.3,"270,384",49.3,202,"13,325,783.25",0.2,0.41
2010-07-06,49.5,49.5,48.6,49.1,"481,824",49.1,283,"23,644,476.25",-0.4,-0.81
2010-07-05,49.5,50.25,48.8,49.5,"196,016",49.5,250,"9,723,463.25",0.4,0.81
2010-07-04,49.1,49.5,48.6,49.1,"152,302",49.1,211,"7,470,108.50",0.3,0.61
2010-07-03,49.1,49.1,48.4,48.8,"144,799",48.8,167,"7,039,314.25",0.2,0.41
2010-06-30,48.2,49.1,47.4,48.6,"124,804",48.6,193,"6,064,823.50",0.6,1.25
2010-06-29,47.3,48.4,46.7,48,"231,277",48,406,"10,959,411.75",0.6,1.27
2010-06-28,47.1,47.8,45.8,47.4,"799,848",47.4,630,"37,309,731.00",0.9,1.94
2010-06-27,50.75,50.75,46.5,46.5,"107,011",46.5,172,"5,316,404.00",-4.5,-8.82
2010-06-26,51,51.5,50.75,51,"320,739",51,310,"16,321,629.50",0.25,0.49
2010-06-23,49.5,51,48.9,50.75,"254,855",50.75,324,"12,735,864.50",1.65,3.36
2010-06-22,49.1,49.5,49.1,49.1,"198,087",49.1,279,"9,762,807.75",0.2,0.41
2010-06-21,48.6,49.1,48.6,48.9,"166,113",48.9,275,"8,105,102.50",0.3,0.62
2010-06-20,50,50,48,48.6,"342,445",48.6,528,"16,723,272.00",-1.4,-2.8
2010-06-19,52.5,52.75,49.5,50,"1,167,705",50,"1,307","58,867,177.00",-2.25,-4.31
2010-06-16,53.75,54.5,52.25,52.25,"396,594",52.25,434,"20,850,421.00",-1.5,-2.79
2010-06-15,54.5,54.5,53.5,53.75,"121,601",53.75,276,"6,564,007.25",-0.75,-1.38
2010-06-14,54.75,55,54.25,54.5,"259,979",54.5,311,"14,187,025.50",-0.5,-0.91
2010-06-13,56.5,56.5,54.75,55,"621,890",55,527,"34,137,098.50",-1.75,-3.08
2010-06-12,57,57.5,56.25,56.75,"188,671",56.75,187,"10,666,296.50",0,0
2010-06-09,56.75,57,56.5,56.75,"72,489",56.75,154,"4,108,864.25",-0.25,-0.44
2010-06-08,58,58,56.25,57,"202,583",57,265,"11,494,924.25",-0.75,-1.3
2010-06-07,56.25,58,55.25,57.75,"587,256",57.75,553,"33,267,983.50",-1.5,-2.53
2010-06-06,57,60,56,59.25,"398,855",59.25,436,"23,405,654.25",2.25,3.95
2010-06-05,54.5,58.25,54,57,"475,072",57,436,"26,594,093.25",2.5,4.59
2010-06-02,57.25,57.25,54,54.5,"245,206",54.5,255,"13,588,444.75",-3.25,-5.63
2010-06-01,58.25,59,56.75,57.75,"167,057",57.75,259,"9,733,503.25",-0.5,-0.86
2010-05-31,55.25,60.5,54.75,58.25,"329,756",58.25,438,"18,928,337.50",3.25,5.91
2010-05-30,56,56.25,54,55,"222,525",55,325,"12,233,371.00",-0.5,-0.9
2010-05-29,57.75,57.75,55.5,55.5,"217,863",55.5,349,"12,316,564.25",-2.75,-4.72
2010-05-26,59,59.25,57.75,58.25,"328,877",58.25,256,"19,184,236.00",-0.75,-1.27
2010-05-25,59,60,59,59,"491,448",59,406,"29,148,360.50",0.5,0.85
2010-05-24,57.5,59,56.25,58.5,"520,515",58.5,668,"29,968,146.00",1,1.74
2010-05-23,59,59,57.5,57.5,"180,761",57.5,335,"10,471,850.50",-1.5,-2.54
2010-05-22,58.25,59.5,57.75,59,"197,580",59,319,"11,572,472.00",0,0
2010-05-19,56.75,59,56.75,59,"250,559",59,244,"14,486,344.75",0.75,1.29
2010-05-18,58.25,58.25,56.25,58.25,"404,534",58.25,485,"22,954,121.50",0.75,1.3
2010-05-17,59,59,57.5,57.5,"213,641",57.5,297,"12,421,775.75",-0.75,-1.29
2010-05-16,59,60,57.75,58.25,"525,762",58.25,502,"30,974,845.25",0,0
2010-05-15,59.25,59.25,58.25,58.25,"326,591",58.25,353,"19,156,383.00",-1.5,-2.51
2010-05-12,60,60.5,59,59.75,"432,385",59.75,275,"25,767,413.50",0,0
2010-05-11,60,60,59.75,59.75,"128,370",59.75,157,"7,683,814.00",0,0
2010-05-10,59.25,60.25,59.25,59.75,"485,289",59.75,312,"28,926,320.25",0,0
2010-05-09,60,60.25,59.25,59.75,"354,770",59.75,279,"21,152,073.50",-0.25,-0.42
2010-05-08,60.25,60.25,59.75,60,"304,590",60,333,"18,237,974.75",-0.25,-0.41
2010-05-05,61,61.25,59.75,60.25,"600,492",60.25,495,"36,253,911.75",-1,-1.63
2010-05-04,61,61.75,60.5,61.25,"218,072",61.25,252,"13,298,432.00",0.5,0.82
2010-05-03,60.5,61,60.25,60.75,"239,365",60.75,417,"14,463,690.75",0,0
2010-05-02,62,62,60.5,60.75,"507,589",60.75,850,"31,008,437.25",-1,-1.62
2010-05-01,64.25,64.25,61.25,61.75,"322,511",61.75,338,"20,090,933.00",-2.5,-3.89
2010-04-28,63.75,65,63.75,64.25,"202,247",64.25,215,"12,977,862.75",0,0
2010-04-27,64.25,64.5,63.75,64.25,"102,727",64.25,184,"6,599,536.75",0.5,0.78
2010-04-26,64.25,64.75,63.5,63.75,"167,950",63.75,337,"10,786,646.00",0,0
2010-04-25,62.5,64.25,61.5,63.75,"469,210",63.75,532,"29,618,107.50",1.75,2.82
2010-04-24,62.75,63,61.5,62,"350,535",62,289,"21,923,078.50",-0.5,-0.8
2010-04-21,64,64,62.25,62.5,"135,299",62.5,220,"8,484,491.75",-0.5,-0.79
2010-04-20,64,64,63,63,"98,463",63,150,"6,238,154.25",-0.25,-0.4
2010-04-19,63.5,64.25,63,63.25,"239,941",63.25,218,"15,280,526.25",-0.25,-0.39
2010-04-18,62.75,63.5,62,63.5,"174,310",63.5,255,"10,947,475.50",1.25,2.01
2010-04-17,62.25,63.5,60.75,62.25,"631,944",62.25,584,"39,090,493.75",-0.75,-1.19
2010-04-14,64.5,64.75,62.25,63,"460,651",63,533,"29,095,738.75",-1.5,-2.33
2010-04-13,66.5,66.5,63.75,64.5,"507,327",64.5,561,"32,796,099.25",-2.25,-3.37
2010-04-12,67,67.25,65.5,66.75,"838,614",66.75,571,"55,567,699.75",0,0
2010-04-11,69.75,69.75,65.25,66.75,"923,948",66.75,"1,126","61,656,535.00",-3.25,-4.64
2010-04-10,70.25,71,69,70,"373,016",70,383,"26,113,938.75",-0.25,-0.36
2010-04-07,70.25,71.25,69.75,70.25,"291,447",70.25,271,"20,531,234.50",0.5,0.72
2010-04-06,71.25,72,69,69.75,"1,279,493",69.75,839,"90,235,748.00",-0.75,-1.06
2010-04-05,70.75,71.75,69,70.5,"321,592",70.5,321,"22,728,247.50",0.75,1.08
2010-04-04,72.25,72.25,69,69.75,"96,720",69.75,178,"6,825,455.25",-2.5,-3.46
2010-04-03,72.75,73.25,71.75,72.25,"118,186",72.25,257,"8,555,249.50",-0.5,-0.69
2010-03-31,71.25,74,69.75,72.75,"430,288",72.75,376,"31,236,562.25",1,1.39
2010-03-30,71.25,72.75,71,71.75,"142,878",71.75,237,"10,251,175.50",0,0
2010-03-29,69,72.5,69,71.75,"269,219",71.75,353,"18,931,914.75",4.25,6.3
2010-03-28,69.5,70,67.5,67.5,"234,099",67.5,316,"16,207,702.00",-4.25,-5.92
2010-03-27,71.25,74.25,67.5,71.75,"638,053",71.75,636,"44,826,666.25",0.5,0.7
2010-03-24,72.75,73.75,71.25,71.25,"214,845",71.25,257,"15,622,702.75",-2.5,-3.39
2010-03-23,73.25,75.75,73,73.75,"341,317",73.75,384,"25,462,956.25",-0.25,-0.34
2010-03-22,74,74.75,73.25,74,"260,651",74,270,"19,211,517.00",0,0
2010-03-21,73.5,74.75,73.25,74,"319,928",74,346,"23,608,581.00",-0.75,-1
2010-03-20,74.25,75.5,73.5,74.75,"367,317",74.75,610,"27,345,398.75",-1,-1.32
2010-03-17,71.25,77,70.75,75.75,"1,298,484",75.75,"1,183","96,885,080.75",4.5,6.32
2010-03-16,68,72.75,67.5,71.25,"499,732",71.25,596,"35,440,760.00",2.75,4.01
2010-03-15,68.75,70.5,68.5,68.5,"619,885",68.5,687,"43,195,571.75",0.25,0.37
2010-03-14,63.5,68.5,63.5,68.25,"1,111,687",68.25,865,"74,486,163.50",5,7.91
2010-03-13,62.75,64.5,62,63.25,"397,393",63.25,376,"25,112,890.75",0.5,0.8
2010-03-10,62,63,62,62.75,"189,871",62.75,228,"11,922,796.50",0.25,0.4
2010-03-09,61.25,62.5,61.25,62.5,"470,542",62.5,350,"29,171,183.75",1,1.63
2010-03-08,60.75,62,60,61.5,"229,824",61.5,287,"14,015,995.75",0.5,0.82
2010-03-07,62.25,64.25,60.5,61,"664,082",61,622,"41,127,444.75",-0.5,-0.81
2010-03-06,57.5,62.25,57.5,61.5,"1,250,226",61.5,766,"74,560,457.50",4.5,7.89
2010-03-03,56.75,58.5,56.75,57,"834,394",57,833,"48,157,834.25",0.25,0.44
2010-03-02,56.75,57,56.25,56.75,"364,627",56.75,367,"20,628,660.75",0,0
2010-03-01,56.75,57,56,56.75,"315,768",56.75,342,"17,870,134.75",0,0
2010-02-28,56.75,57,56.75,56.75,"202,827",56.75,269,"11,532,876.25",0,0
2010-02-27,55.5,56.75,55.25,56.75,"507,930",56.75,575,"28,509,972.50",1.5,2.71
2010-02-24,56.25,56.25,55.25,55.25,"874,823",55.25,884,"48,771,614.50",-1.5,-2.64
2010-02-23,56.75,56.75,56,56.75,"350,003",56.75,458,"19,692,696.00",-0.25,-0.44
2010-02-22,57.75,58.25,56.75,57,"425,420",57,424,"24,386,738.00",-0.5,-0.87
2010-02-21,57.5,58.75,57,57.5,"938,078",57.5,727,"53,777,479.25",0.5,0.88
2010-02-20,57.25,58.25,56.75,57,"673,388",57,575,"38,724,274.00",0,0
2010-02-17,56.75,57.25,56.5,57,"111,201",57,210,"6,328,650.25",0.25,0.44
2010-02-16,57.5,57.5,56.75,56.75,"316,723",56.75,377,"18,078,772.75",-0.75,-1.3
2010-02-15,56.75,57.75,56.25,57.5,"175,258",57.5,334,"9,997,687.75",0.5,0.88
2010-02-14,60,60,56.5,57,"520,186",57,789,"30,054,473.75",-2.25,-3.8
2010-02-13,61.25,62.75,59.25,59.25,"654,292",59.25,659,"39,884,380.75",-2.25,-3.66
2010-02-10,60.75,62,60.5,61.5,"291,586",61.5,324,"17,906,871.50",1,1.65
2010-02-09,61.25,61.25,58.5,60.5,"284,929",60.5,435,"17,030,497.00",-0.75,-1.22
2010-02-08,61.5,61.75,61.25,61.25,"131,082",61.25,186,"8,055,865.75",-0.25,-0.41
2010-02-07,60.25,62,60.25,61.5,"245,086",61.5,352,"14,982,910.00",1,1.65
2010-02-06,63.25,63.5,60.5,60.5,"347,075",60.5,542,"21,422,924.75",-2,-3.2
2010-02-03,62.75,63.5,61.75,62.5,"176,010",62.5,336,"11,023,219.75",0.75,1.21
2010-02-02,65.75,65.75,61.5,61.75,"525,175",61.75,871,"32,926,831.00",-3.75,-5.73
2010-02-01,66.5,67,65.25,65.5,"127,090",65.5,260,"8,373,772.25",-0.75,-1.13
2010-01-31,66.5,67.25,66,66.25,"133,177",66.25,339,"8,840,758.25",-0.5,-0.75
2010-01-30,68,71.75,65.25,66.75,"1,131,996",66.75,"1,405","78,727,633.25",-0.75,-1.11
2010-01-27,66.75,68,66,67.5,"287,181",67.5,446,"19,275,384.00",0.75,1.12
2010-01-26,69.5,69.5,64.5,66.75,"493,421",66.75,850,"32,787,404.00",-2.25,-3.26
2010-01-25,72,73.25,68.75,69,"351,410",69,682,"24,719,181.25",-3,-4.17
2010-01-24,73.5,74.75,70.5,72,"367,028",72,740,"26,584,551.00",-2.5,-3.36
2010-01-23,75,76,74.25,74.5,"288,355",74.5,451,"21,711,809.75",-0.75,-1
2010-01-20,75.75,76.25,75,75.25,"185,339",75.25,228,"13,982,325.75",0,0
2010-01-19,75.5,76.25,74.75,75.25,"152,139",75.25,215,"11,485,297.50",-0.25,-0.33
2010-01-18,74.75,76,74.75,75.5,"149,500",75.5,198,"11,255,717.00",0.5,0.67
2010-01-17,75.5,76,74.5,75,"171,964",75,166,"12,923,444.00",-0.75,-0.99
2010-01-16,76,76.25,75.5,75.75,"118,393",75.75,108,"8,990,539.75",-0.5,-0.66
2010-01-13,76.25,77,75.75,76.25,"150,632",76.25,144,"11,476,914.50",-0.25,-0.33
2010-01-12,75.75,77,75.25,76.5,"233,802",76.5,234,"17,773,696.75",0.5,0.66
2010-01-11,77,77,75.5,76,"97,040",76,150,"7,394,718.25",-1.5,-1.94
2010-01-10,76,77.5,75,77.5,"276,036",77.5,242,"21,070,531.00",2,2.65
2010-01-09,76.25,78,75.5,75.5,"341,826",75.5,319,"26,191,460.00",-0.25,-0.33
2010-01-06,75.5,78,75.25,75.75,"607,127",75.75,213,"46,087,654.50",0.25,0.33
2010-01-05,75.25,75.5,74.75,75.5,"253,158",75.5,122,"18,991,104.75",0.75,1
2010-01-04,75,76.25,74.5,74.75,"354,142",74.75,183,"26,519,253.50",0,0
2010-01-03,72,74.75,71.5,74.75,"104,557",74.75,172,"7,641,180.25",3,4.18
2010-01-02,72,72.5,71.5,71.75,"112,208",71.75,134,"8,059,924.50",-0.25,-0.35
2009-12-30,72,72.75,71.5,72,"117,452",72,181,"8,451,665.25",0.25,0.35
2009-12-29,74.5,74.5,71.5,71.75,"176,822",71.75,156,"12,757,269.50",-1.25,-1.71
2009-12-28,74.5,74.75,73,73,"546,074",73,192,"40,513,397.25",-1.25,-1.68
2009-12-27,74.75,75,73.75,74.25,"552,617",74.25,194,"41,064,742.25",-0.5,-0.67
2009-12-26,80.5,80.5,74,74.75,"611,073",74.75,631,"46,346,036.25",-2.5,-3.24
2009-12-23,77,78,76.25,77.25,"341,711",77.25,199,"26,465,835.75",0.25,0.32
2009-12-22,75.5,78.5,75,77,"648,498",77,195,"49,063,220.50",1.75,2.33
2009-12-21,74.5,75.5,74.5,75.25,"214,719",75.25,112,"16,150,939.25",0.75,1.01
2009-12-20,75.25,75.75,74,74.5,"151,060",74.5,136,"11,332,439.75",-0.25,-0.33
2009-12-19,74,75.5,73.5,74.75,"254,822",74.75,192,"19,083,624.50",-0.25,-0.33
2009-12-16,74.75,75.25,72.5,75,"154,408",75,145,"11,419,200.75",0.25,0.33
2009-12-15,76.25,76.25,73,74.75,"150,940",74.75,204,"11,224,448.50",-2.75,-3.55
2009-12-14,75.75,77.5,75.75,77.5,"96,174",77.5,82,"7,366,041.00",2.75,3.68
2009-12-13,76.5,76.5,74,74.75,"79,406",74.75,81,"5,894,169.25",1,1.36
2009-12-12,75,76,73.75,73.75,"257,254",73.75,171,"19,198,660.25",4,5.73
2009-12-09,75.5,75.5,69.75,69.75,"1,618,466",69.75,294,"116,077,147.50",-7.75,-10
2009-12-08,78.75,78.75,76.5,77.5,"280,581",77.5,141,"21,664,405.00",-1.75,-2.21
2009-12-07,84,84,79.25,79.25,"299,971",79.25,264,"24,545,494.00",-5.75,-6.76
2009-12-06,85.25,88,83.5,85,"209,087",85,269,"17,894,695.00",0,0
2009-12-05,89.5,89.5,85,85,"220,582",85,208,"19,222,959.50",-3.5,-3.95
2009-11-25,88,90.25,88,88.5,"254,356",88.5,185,"22,710,042.50",0.25,0.28
2009-11-24,88.25,88.5,87.5,88.25,"94,256",88.25,126,"8,310,591.50",0,0
2009-11-23,89.5,89.5,88.25,88.25,"162,768",88.25,218,"14,443,546.50",-1.25,-1.4
2009-11-22,89.75,90.25,89,89.5,"271,532",89.5,157,"24,374,119.25",0.25,0.28
2009-11-21,89,90,88.75,89.25,"159,355",89.25,182,"14,213,163.50",-1,-1.11
2009-11-18,89.5,90.75,89.25,90.25,"360,375",90.25,217,"32,414,861.25",0.5,0.56
2009-11-17,89,89.75,88.75,89.75,"280,100",89.75,221,"25,065,461.75",0.25,0.28
2009-11-16,89.75,90.5,88.25,89.5,"826,383",89.5,515,"73,884,574.25",0.5,0.56
2009-11-15,88,90,86.75,89,"502,759",89,507,"44,663,938.50",1,1.14
2009-11-14,86.25,88,84.75,88,"185,283",88,301,"16,012,409.00",-1,-1.12
2009-11-11,89.5,90,88.25,89,"84,746",89,134,"7,562,768.00",-1,-1.11
2009-11-10,89,90.5,89,90,"401,042",90,264,"36,007,893.75",1.25,1.41
2009-11-09,69.5,70.25,69.25,69.75,"108,301",69.75,97,"7,554,477.75",0.25,0.36
2009-11-08,70.25,71,69,69.5,"213,851",69.5,189,"14,867,644.25",-0.75,-1.07
2009-11-07,71,71,70.25,70.25,"86,446",70.25,127,"6,087,466.50",-0.75,-1.06
2009-11-04,69.5,71.25,69.5,71,"380,233",71,283,"26,770,971.50",1,1.43
2009-11-03,70,70,68.5,70,"257,520",70,175,"17,908,325.25",0.25,0.36
2009-11-02,65.5,70,65.5,69.75,"769,577",69.75,421,"53,042,717.50",3.5,5.28
2009-11-01,65.25,66.75,65,66.25,"263,877",66.25,225,"17,392,716.50",1.25,1.92
2009-10-31,64.5,66,64,65,"169,182",65,164,"11,027,145.00",0.5,0.78
2009-10-28,63.25,64.75,63.25,64.5,"315,276",64.5,195,"20,193,764.00",1.25,1.98
2009-10-27,63.5,63.75,63.25,63.25,"73,426",63.25,103,"4,659,281.00",-0.25,-0.39
2009-10-26,63,64,62.75,63.5,"278,725",63.5,153,"17,644,464.50",0,0
2009-10-25,64,64,62.75,63.5,"195,947",63.5,121,"12,361,116.25",-0.25,-0.39
2009-10-24,63,64,62.5,63.75,"264,820",63.75,172,"16,778,896.75",0.5,0.79
2009-10-21,62.75,63.75,62.5,63.25,"154,931",63.25,146,"9,778,154.25",0.5,0.8
2009-10-20,61.5,63.25,61.5,62.75,"248,802",62.75,176,"15,582,042.00",0.5,0.8
2009-10-19,60.5,62.5,60.5,62.25,"286,437",62.25,204,"17,621,759.25",1.75,2.89
2009-10-18,61,61.25,60.25,60.5,"120,540",60.5,123,"7,311,156.50",0,0
2009-10-17,60.75,61.75,60.5,60.5,"171,414",60.5,144,"10,421,417.50",-0.25,-0.41
2009-10-14,60.5,61.5,60,60.75,"347,778",60.75,290,"21,044,938.25",0,0
2009-10-13,60.75,61,60.25,60.75,"37,431",60.75,63,"2,268,448.25",0,0
2009-10-12,60.5,61,60.5,60.75,"22,798",60.75,55,"1,382,720.75",0.25,0.41
2009-10-11,61,61.25,60.5,60.5,"115,241",60.5,117,"6,995,971.75",-0.5,-0.82
2009-10-10,61.25,61.5,61,61,"78,530",61,80,"4,802,815.50",-0.75,-1.21
2009-10-07,61.75,62,61,61.75,"191,927",61.75,188,"11,782,566.50",0.25,0.41
2009-10-06,62,62,61.25,61.5,"140,808",61.5,160,"8,696,444.75",-0.75,-1.2
2009-10-05,62.5,63.5,61.25,62.25,"504,278",62.25,420,"31,220,118.75",-1.25,-1.97
2009-10-04,64,64.25,62.75,63.5,"179,514",63.5,217,"11,407,062.25",-0.75,-1.17
2009-10-03,62,64.5,61,64.25,"527,633",64.25,409,"33,227,661.00",2.25,3.63
2009-09-30,60.5,62,60.5,62,"326,680",62,189,"19,962,460.50",1.5,2.48
2009-09-29,60.5,61.25,60.5,60.5,"116,725",60.5,87,"7,107,524.50",0.5,0.83
2009-09-28,89.5,90,88.5,88.75,"86,565",88.75,178,"7,704,002.00",-0.75,-0.84
2009-09-27,90.5,90.5,88.5,89.5,"324,371",89.5,256,"29,036,650.50",-0.5,-0.56
2009-09-26,94.25,94.25,90,90,"313,444",90,425,"28,795,729.25",-4,-4.26
2009-09-16,95.75,96.5,93,94,"360,315",94,374,"33,836,715.25",-2,-2.08
2009-09-15,92.5,97.5,92.5,96,"987,434",96,612,"94,669,123.25",3.25,3.5
2009-09-14,91.5,93.5,90.75,92.75,"420,840",92.75,443,"39,047,295.75",0.75,0.82
2009-09-13,89,92,88,92,"345,626",92,612,"31,151,798.00",2,2.22
2009-09-12,95,96,89.75,90,"848,217",90,"1,008","78,028,387.50",-6,-6.25
2009-09-09,88.25,96,87.25,96,"1,077,245",96,782,"98,415,773.00",8,9.09
2009-09-08,81.25,88.25,81.25,88,"1,515,897",88,756,"130,165,677.75",7,8.64
2009-09-07,77.5,81.5,77.25,81,"410,132",81,257,"32,960,267.25",3.5,4.52
2009-09-06,78,78.25,76.5,77.5,"329,934",77.5,229,"25,485,248.25",-0.5,-0.64
2009-09-05,76.75,79.25,76,78,"582,856",78,280,"45,745,124.50",1,1.3
2009-09-02,76,77.75,75,77,"543,941",77,275,"41,741,162.00",0.75,0.98
2009-09-01,75,76.25,74.75,76.25,"205,235",76.25,142,"15,447,348.25",1,1.33
2009-08-31,74.75,75.5,74,75.25,"342,835",75.25,160,"25,662,182.75",0.25,0.33
2009-08-30,76,76.25,75,75,"138,635",75,87,"10,438,907.25",-1.25,-1.64
2009-08-29,74.75,77.25,74.75,76.25,"440,716",76.25,163,"33,527,875.25",0.75,0.99
2009-08-26,74,75.75,73.75,75.5,"338,972",75.5,182,"25,338,577.75",1.5,2.03
2009-08-25,74.5,75,73,74,"169,758",74,124,"12,548,558.75",-1.25,-1.66
2009-08-24,75.5,76,74.5,75.25,"81,033",75.25,127,"6,086,820.25",-1,-1.31
2009-08-23,74.25,76.75,74,76.25,"469,004",76.25,358,"35,145,597.50",1.25,1.67
2009-08-22,74,75.5,73.75,75,"565,593",75,216,"42,260,714.75",1,1.35
2009-08-19,72.5,74.5,72,74,"456,541",74,227,"33,407,035.25",1.75,2.42
2009-08-18,70,73.25,70,72.25,"673,391",72.25,272,"48,284,756.75",1.75,2.48
2009-08-17,69.5,70.5,69.5,70.5,"161,412",70.5,115,"11,313,204.25",1,1.44
2009-08-16,69.5,70.25,69.5,69.5,"100,216",69.5,92,"6,996,244.25",-0.5,-0.71
2009-08-15,70.25,71,69.5,70,"328,388",70,162,"23,182,694.25",-0.25,-0.36
2009-08-12,69.5,70.25,69.25,70.25,"159,339",70.25,136,"11,142,100.50",0.75,1.08
2009-08-11,70,70,69.25,69.5,"96,756",69.5,85,"6,733,986.75",-0.25,-0.36
2009-08-10,60.75,61,60,60,"171,838",60,159,"10,400,582.50",-0.75,-1.23
2009-08-09,61,61.75,60,60.75,"185,139",60.75,141,"11,284,451.50",-0.5,-0.82
2009-08-08,61.5,61.75,61.25,61.25,"44,831",61.25,71,"2,754,193.75",0.25,0.41
2009-08-05,61.25,61.5,60.5,61,"113,736",61,114,"6,947,155.25",-0.5,-0.81
2009-08-04,61.5,61.75,61.5,61.5,"11,206",61.5,37,"689,638.50",0,0
2009-08-03,62,62,61.25,61.5,"38,551",61.5,52,"2,373,181.50",-0.5,-0.81
2009-08-02,61.75,63,61.75,62,"372,491",62,149,"23,240,639.75",0.75,1.22
2009-08-01,61.5,61.75,60.75,61.25,"40,459",61.25,76,"2,478,711.25",0.25,0.41
2009-07-29,62,62,61,61,"86,860",61,105,"5,356,823.50",-1,-1.61
2009-07-28,61.75,62,61.75,62,"37,427",62,76,"2,312,549.25",0.25,0.4
2009-07-27,62.5,62.5,61.75,61.75,"50,765",61.75,83,"3,144,093.75",-0.75,-1.2
2009-07-26,61.75,62.5,61.75,62.5,"75,317",62.5,91,"4,668,346.00",0,0
2009-07-25,62.25,63.25,62,62.5,"31,474",62.5,81,"1,963,635.75",-0.25,-0.4
2009-07-22,62.75,63,62.25,62.75,"51,009",62.75,73,"3,195,208.25",0,0
2009-07-21,62,63.25,61.75,62.75,"101,324",62.75,139,"6,316,727.25",0.25,0.4
2009-07-20,62.75,63.25,61.5,62.5,"192,154",62.5,181,"11,943,939.25",-0.75,-1.19
2009-07-19,64.75,65.5,63.25,63.25,"134,875",63.25,197,"8,676,745.25",-1,-1.56
2009-07-18,61.5,65.25,61.5,64.25,"313,527",64.25,372,"19,658,759.50",2.5,4.05
2009-07-15,61,62,61,61.75,"242,682",61.75,195,"14,990,450.25",0.5,0.82
2009-07-14,61.25,61.25,61,61.25,"64,858",61.25,65,"3,958,454.75",0,0
2009-07-13,61.25,61.25,61,61.25,"52,411",61.25,73,"3,204,467.75",-0.25,-0.41
2009-07-12,61.5,61.75,61,61.5,"121,952",61.5,100,"7,490,302.75",0,0
2009-07-11,60.5,61.75,60.25,61.5,"151,903",61.5,183,"9,274,082.75",0.5,0.82
2009-07-08,60.5,61.25,60.25,61,"92,930",61,124,"5,645,068.00",0.25,0.41
2009-07-07,61,61,60.25,60.75,"69,293",60.75,96,"4,203,144.25",0,0
2009-07-06,60.75,61.25,60.25,60.75,"182,298",60.75,222,"11,072,060.75",-0.25,-0.41
2009-07-05,61.25,61.25,60.5,61,"117,648",61,154,"7,153,097.50",-0.5,-0.81
2009-07-04,60.75,61.75,60.5,61.5,"113,316",61.5,165,"6,940,311.75",0,0
2009-07-01,61,62.5,61,61.5,"200,058",61.5,226,"12,302,880.00",0,0
2009-06-30,60.5,61.5,60.5,61.5,"154,988",61.5,184,"9,465,538.00",1.25,2.07
2009-06-29,66.75,66.75,66,66.5,"108,893",66.5,138,"7,230,489.75",-0.5,-0.75
2009-06-28,67,67.25,66,67,"228,958",67,235,"15,252,928.75",0.75,1.13
2009-06-27,67.25,67.25,66.25,66.25,"284,396",66.25,141,"18,971,068.25",-1,-1.49
2009-06-24,67.5,67.5,66.25,67.25,"195,094",67.25,172,"13,053,141.75",-0.25,-0.37
2009-06-23,67.5,67.5,66.5,67.5,"145,819",67.5,191,"9,787,738.75",0,0
2009-06-22,66.5,67.5,65.5,67.5,"287,471",67.5,250,"19,063,607.75",1.25,1.89
2009-06-21,65,68.75,65,66.25,"315,448",66.25,372,"20,786,405.75",0.25,0.38
2009-06-20,65,66,64,66,"259,478",66,218,"16,847,034.50",1,1.54
2009-06-17,65,65,64,65,"114,616",65,140,"7,401,656.00",0.25,0.39
2009-06-16,63.5,65,63.5,64.75,"199,614",64.75,240,"12,827,944.75",0.25,0.39
2009-06-15,64.5,65,63.5,64.5,"150,172",64.5,215,"9,651,450.00",1,1.57
2009-06-14,65,65.25,63.5,63.5,"207,107",63.5,280,"13,352,266.75",-1.5,-2.31
2009-06-13,65.5,65.5,65,65,"125,796",65,250,"8,197,949.50",0,0
2009-06-10,65.25,65.75,64.5,65,"331,516",65,374,"21,584,608.50",-0.5,-0.76
2009-06-09,64.5,65.75,64.5,65.5,"367,405",65.5,478,"23,850,777.50",-0.75,-1.13
2009-06-08,66.25,67,65,66.25,"747,524",66.25,"1,167","48,861,101.50",-1.25,-1.85
2009-06-07,68,68.5,66.5,67.5,"1,055,382",67.5,"1,196","71,073,836.25",-1.5,-2.17
2009-06-06,69.25,69.5,68,69,"245,846",69,280,"16,854,066.50",-0.75,-1.08
2009-06-03,70,70,68.75,69.75,"143,788",69.75,180,"9,963,546.25",-0.25,-0.36
2009-06-02,70,70,69,70,"134,265",70,140,"9,338,376.75",0,0
2009-06-01,69.5,70,68.5,70,"121,117",70,171,"8,408,418.50",-0.5,-0.71
2009-05-31,71.5,71.5,69.5,70.5,"134,947",70.5,162,"9,454,557.75",-0.75,-1.05
2009-05-30,69.75,71.25,69.75,71.25,"131,511",71.25,154,"9,301,096.25",0.25,0.35
2009-05-27,71.75,71.75,70.25,71,"104,817",71,185,"7,403,913.25",-0.5,-0.7
2009-05-26,70.25,71.75,69.75,71.5,"143,428",71.5,182,"10,170,006.00",1,1.42
2009-05-25,69.5,71,67.75,70.5,"250,098",70.5,269,"17,375,134.25",-0.25,-0.35
2009-05-24,69.75,71,68,70.75,"254,226",70.75,314,"17,679,087.25",-0.25,-0.35
2009-05-23,72.25,72.25,70.5,71,"208,469",71,230,"14,813,186.00",-2,-2.74
2009-05-20,73,73.25,71.5,73,"237,301",73,260,"17,196,111.75",-0.5,-0.68
2009-05-19,73.25,73.5,72.25,73.5,"154,108",73.5,247,"11,227,063.00",-0.5,-0.68
2009-05-18,58.75,61,58.5,60.25,"424,405",60.25,397,"25,446,071.50",1.5,2.55
2009-05-17,58.5,58.75,58.25,58.75,"118,025",58.75,133,"6,903,821.00",0,0
2009-05-16,58.5,58.75,58.25,58.75,"121,888",58.75,144,"7,133,532.75",0.25,0.43
2009-05-13,58,58.75,58,58.5,"311,215",58.5,303,"18,150,300.75",0.5,0.86
2009-05-12,58,58,57.75,58,"99,266",58,155,"5,748,253.00",0,0
2009-05-11,58.25,58.25,57.75,58,"211,435",58,206,"12,274,012.75",-0.25,-0.43
2009-05-10,58.25,58.75,58,58.25,"194,311",58.25,232,"11,304,672.75",0,0
2009-05-09,58.5,59,58,58.25,"252,758",58.25,212,"14,803,518.75",-0.25,-0.43
2009-05-06,58.25,59,58.25,58.5,"130,843",58.5,159,"7,644,136.25",-0.5,-0.85
2009-05-05,59.25,59.25,58.25,59,"100,265",59,167,"5,888,193.50",-0.25,-0.42
2009-05-04,59.25,59.25,59,59.25,"103,824",59.25,140,"6,132,472.25",0,0
2009-05-03,59.5,59.5,59,59.25,"104,040",59.25,211,"6,159,725.50",-0.5,-0.84
2009-05-02,59,59.75,58.75,59.75,"222,062",59.75,308,"13,160,380.75",0.75,1.27
2009-04-29,59,59,58,59,"253,746",59,394,"14,883,475.50",-0.25,-0.42
2009-04-28,59,59.25,58.5,59.25,"64,026",59.25,113,"3,770,799.00",0.25,0.42
2009-04-27,59,59.5,58.75,59,"54,735",59,110,"3,228,007.00",-0.5,-0.84
2009-04-26,59,59.75,58.75,59.5,"90,480",59.5,170,"5,355,637.50",0.5,0.85
2009-04-25,59.75,59.75,58.25,59,"163,067",59,274,"9,596,517.75",-0.75,-1.26
2009-04-22,60,60.5,59.75,59.75,"112,945",59.75,212,"6,783,405.25",-0.25,-0.42
2009-04-21,61,61.75,60,60,"328,246",60,383,"19,811,051.00",-1.75,-2.83
2009-04-20,62,62.25,60,61.75,"137,967",61.75,180,"8,420,476.50",-0.25,-0.4
2009-04-19,62.25,62.5,62,62,"93,582",62,116,"5,827,690.50",-0.25,-0.4
2009-04-18,62,62.75,62,62.25,"106,468",62.25,114,"6,647,158.75",-0.25,-0.4
2009-04-15,62.25,62.5,62,62.5,"53,705",62.5,76,"3,346,673.50",0.5,0.81
2009-04-14,62.75,62.75,62,62,"88,762",62,117,"5,546,383.50",-0.5,-0.8
2009-04-13,62.5,63,62,62.5,"146,792",62.5,135,"9,194,487.00",0,0
2009-04-12,61,63,61,62.5,"270,765",62.5,305,"16,799,075.00",1.25,2.04
2009-04-11,59.75,61.75,59.75,61.25,"259,034",61.25,319,"15,791,224.25",1,1.66
2009-04-08,60,61,59,60.25,"242,650",60.25,375,"14,567,734.25",-0.75,-1.23
2009-04-07,61.75,62.25,60.5,61,"413,068",61,582,"25,188,040.75",-1.25,-2.01
2009-04-06,74,74,72.5,74,"195,307",74,345,"14,344,954.75",0,0
2009-04-05,72.5,75,71.75,74,"394,397",74,706,"28,940,648.00",1,1.37
2009-04-04,72,73,71.5,73,"163,432",73,319,"11,804,861.75",-0.5,-0.68
2009-04-01,73.5,74.75,71.75,73.5,"808,748",73.5,604,"58,842,201.75",-1,-1.34
2009-03-31,76.25,76.25,74,74.5,"457,033",74.5,466,"34,390,168.00",-2.5,-3.25
2009-03-30,77,77,75,77,"542,962",77,576,"41,255,904.75",-0.5,-0.65
2009-03-29,74,79.5,73.25,77.5,"1,748,068",77.5,898,"135,358,212.75",3.5,4.73
2009-03-28,73.5,80,71,74,"2,695,017",74,859,"202,362,753.00",0,0
2009-03-25,71.75,74,69.75,74,"1,773,708",74,488,"128,472,172.50",1.5,2.07
2009-03-24,72,75,69,72.5,"789,192",72.5,510,"57,385,271.25",0,0
2009-03-23,72.25,72.5,71,72.5,"167,128",72.5,175,"12,034,391.75",0,0
2009-03-22,72.5,73,70.75,72.5,"407,176",72.5,308,"29,410,250.00",-0.5,-0.68
2009-03-21,73.25,73.25,71.75,73,"336,628",73,331,"24,426,570.50",-0.5,-0.68
2009-03-18,73.5,73.5,72.75,73.5,"209,619",73.5,195,"15,350,615.75",0,0
2009-03-17,74,74,73.25,73.5,"191,627",73.5,214,"14,078,434.25",-0.25,-0.34
2009-03-16,74.25,74.25,73.75,73.75,"291,661",73.75,280,"21,553,983.25",-0.75,-1.01
2009-03-15,74.5,74.5,73.5,74.5,"371,305",74.5,298,"27,515,225.25",-0.25,-0.33
2009-03-14,74.5,74.75,73,74.75,"316,040",74.75,263,"23,409,661.25",0.25,0.34
2009-03-11,74.75,74.75,72.75,74.5,"311,888",74.5,396,"23,006,391.25",0,0
2009-03-10,76,76,74.5,74.5,"462,543",74.5,393,"34,750,646.25",-1.5,-1.97
2009-03-09,75.5,76,73.75,76,"352,226",76,457,"26,313,364.25",0.25,0.33
2009-03-08,77,77,75,75.75,"487,770",75.75,655,"36,982,283.50",-1.25,-1.62
2009-03-07,77,77.25,75.75,77,"205,406",77,275,"15,705,067.75",-0.5,-0.65
2009-03-04,77.75,78,76,77.5,"266,964",77.5,370,"20,527,874.00",-0.25,-0.32
2009-03-03,77,78,76,77.75,"342,023",77.75,345,"26,445,265.00",1,1.3
2009-03-02,76,77.5,75.5,76.75,"278,785",76.75,362,"21,284,818.50",0.75,0.99
2009-03-01,75.25,76.5,74.5,76,"364,982",76,501,"27,693,898.50",0,0
2009-02-28,71.5,76,71.25,76,"1,178,729",76,772,"87,513,274.25",2,2.7
2009-02-25,74.5,74.5,71.75,74,"785,799",74,789,"57,309,360.75",-0.75,-1
2009-02-24,77,77,73.75,74.75,"654,740",74.75,870,"48,821,887.25",-2.25,-2.92
2009-02-23,79.25,79.5,74.5,77,"1,319,406",77,"1,713","100,705,461.75",-2.25,-2.84
2009-02-22,80,80,76.25,79.25,"752,849",79.25,795,"58,839,019.00",-0.25,-0.31
2009-02-21,80.25,80.5,79,79.5,"455,211",79.5,439,"36,326,812.75",-0.5,-0.63
2009-02-18,80.5,81,78.5,80,"515,215",80,463,"41,089,184.75",0,0
2009-02-17,79.75,81,79.25,80,"1,522,294",80,669,"122,045,411.75",1,1.27
2009-02-16,78.75,79.5,77.5,79,"1,001,159",79,636,"78,821,737.75",0.25,0.32
2009-02-15,79.5,80,77,78.75,"879,110",78.75,731,"69,137,056.25",1.25,1.61
2009-02-14,74,78.5,74,77.5,"1,974,077",77.5,"1,053","150,681,400.50",4,5.44
2009-02-11,71.75,74,71,73.5,"1,137,540",73.5,734,"82,548,047.75",2,2.8
2009-02-10,69.5,72.5,69.5,71.5,"1,246,747",71.5,943,"88,253,916.00",2.75,4
2009-02-09,65,70,64,68.75,"1,162,963",68.75,847,"78,896,280.75",3.75,5.77
2009-02-08,64.5,65,63,65,"829,111",65,509,"53,001,703.00",0.25,0.39
2009-02-07,64.25,65,63.5,64.75,"308,383",64.75,406,"19,781,333.25",0.25,0.39
2009-02-04,63,65,61.5,64.5,"1,117,563",64.5,926,"70,448,275.75",0.75,1.18
2009-02-03,66,68.5,61.5,63.75,"1,221,884",63.75,"1,453","78,863,035.25",-3.25,-4.85
2009-02-02,65,70.5,65,67,"2,017,976",67,"1,394","136,121,606.25",1.5,2.29
2009-02-01,63,66.5,61.25,65.5,"1,320,035",65.5,959,"85,055,587.50",4.5,7.38
2009-01-31,55,61.25,55,61,"1,573,011",61,828,"93,266,860.50",5,8.93
2009-01-28,50.75,56,49.7,56,"1,803,870",56,805,"95,873,026.50",4.5,8.74
2009-01-27,51,51.5,50.5,51.5,"352,151",51.5,397,"17,927,540.25",0,0
2009-01-26,51,51.5,49.9,51.5,"1,372,118",51.5,894,"69,016,727.25",-0.5,-0.96
2009-01-25,54,54,51.25,52,"609,213",52,518,"31,931,622.25",-3,-5.45
2009-01-24,54,55.25,53,55,"365,730",55,284,"19,828,647.50",-1,-1.79
2009-01-21,56.5,56.5,54,56,"877,417",56,541,"48,214,671.75",-0.75,-1.32
2009-01-20,56.5,56.75,55.25,56.75,"480,304",56.75,342,"27,021,963.25",0,0
2009-01-19,58,58,56.25,56.75,"497,158",56.75,360,"28,251,029.00",-1.25,-2.16
2009-01-18,57.25,58,56.75,58,"155,224",58,178,"8,894,274.75",0,0
2009-01-17,57,58,56.75,58,"225,241",58,253,"12,907,335.75",0.5,0.87
2009-01-14,57.5,57.5,56.75,57.5,"194,802",57.5,221,"11,132,142.25",-0.5,-0.86
2009-01-13,55.25,58.25,55,58,"532,219",58,577,"30,326,306.50",0.5,0.87
2009-01-12,63.25,63.5,61.75,62.25,"225,309",62.25,323,"14,051,242.25",-1.25,-1.97
2009-01-11,63.75,64.25,62,63.5,"178,530",63.5,219,"11,317,931.50",0,0
2009-01-10,63.5,64,63.25,63.5,"66,369",63.5,111,"4,219,597.75",0,0
2009-01-07,63.5,64.5,63.25,63.5,"397,542",63.5,213,"25,425,422.50",-0.75,-1.17
2009-01-06,64.25,64.25,63,64.25,"281,196",64.25,240,"17,898,684.50",0.5,0.78
2009-01-05,63.25,64,62.75,63.75,"163,808",63.75,178,"10,379,935.75",0.75,1.19
2009-01-04,63.5,63.5,61,63,"524,806",63,501,"32,766,997.75",-0.25,-0.4
2009-01-03,64.75,64.75,62,63.25,"356,522",63.25,420,"22,423,021.75",0,0
2008-12-31,61.5,63.25,60.75,63.25,"281,316",63.25,313,"17,507,786.50",2.75,4.55
2008-12-30,62.75,63.75,60.5,60.5,"458,143",60.5,335,"28,586,647.50",-1.5,-2.42
2008-12-29,59,63.25,58,62,"281,240",62,319,"17,106,771.25",2.25,3.77
2008-12-28,62.5,62.5,59.75,59.75,"318,391",59.75,304,"19,421,803.00",-3,-4.78
2008-12-27,64,64.5,62.5,62.75,"366,342",62.75,409,"23,091,959.25",-1,-1.57
2008-12-24,63.5,64.75,63.25,63.75,"232,433",63.75,256,"14,842,447.25",-1,-1.54
2008-12-23,65.25,65.5,64,64.75,"164,839",64.75,267,"10,716,912.75",-1,-1.52
2008-12-22,65.75,66.25,65.5,65.75,"188,123",65.75,167,"12,358,955.50",-0.75,-1.13
2008-12-21,66.25,67,65.75,66.5,"177,414",66.5,218,"11,740,042.75",-0.5,-0.75
2008-12-20,67.25,67.25,66,67,"160,392",67,186,"10,689,149.00",0,0
2008-12-17,67,67,66.25,67,"193,427",67,230,"12,896,711.00",-0.25,-0.37
2008-12-16,67.25,67.25,66.25,67.25,"167,602",67.25,231,"11,184,873.75",0,0
2008-12-15,66.5,67.25,66,67.25,"481,800",67.25,400,"32,167,775.00",1.25,1.89
2008-12-14,65.75,67.25,64.75,66,"419,892",66,369,"27,728,577.50",-0.5,-0.75
2008-12-13,63.25,66.5,63,66.5,"437,433",66.5,329,"28,329,110.75",4,6.4
2008-12-03,64.75,65,62.5,62.5,"391,090",62.5,392,"25,027,756.00",-2.5,-3.85
2008-12-02,65,65,64.25,65,"165,007",65,154,"10,692,413.25",0.25,0.39
2008-12-01,65,65.5,64.75,64.75,"163,960",64.75,197,"10,661,724.50",-0.75,-1.15
2008-11-30,66,66,65,65.5,"302,436",65.5,258,"19,698,593.50",-0.25,-0.38
2008-11-29,65.75,66,64.5,65.75,"395,866",65.75,320,"25,875,185.25",0,0
2008-11-26,65.75,65.75,64.5,65.75,"273,320",65.75,309,"17,829,605.00",0,0
2008-11-25,66.5,66.5,65.5,65.75,"142,416",65.75,205,"9,389,136.25",-0.75,-1.13
2008-11-24,58.75,59.75,56.5,57.5,"665,135",57.5,558,"38,164,142.25",-4.25,-6.88
2008-11-23,62.75,62.75,60,61.75,"380,701",61.75,285,"23,280,321.75",-2.75,-4.26
2008-11-22,64,64.5,63,64.5,"176,510",64.5,194,"11,260,436.25",-0.25,-0.39
2008-11-19,63.75,64.75,63.5,64.75,"166,015",64.75,208,"10,634,462.50",-0.25,-0.38
2008-11-18,63.75,65,63.25,65,"145,063",65,176,"9,280,443.50",-0.25,-0.38
2008-11-17,65,65.75,64,65.25,"243,178",65.25,382,"15,762,206.25",-1.75,-2.61
2008-11-16,67.25,67.5,66.5,67,"247,042",67,508,"16,479,246.50",-3,-4.29
2008-11-15,62.75,70,62.75,70,"746,248",70,585,"48,233,587.75",6,9.38
2008-11-12,64.25,65.5,62.5,64,"659,320",64,485,"41,985,265.50",-1,-1.54
2008-11-11,64.75,65.25,63.5,65,"257,214",65,334,"16,583,144.75",0,0
2008-11-10,64.5,66.25,63,65,"381,529",65,443,"24,375,821.00",-1.5,-2.26
2008-11-09,65.75,66.5,65,66.5,"100,101",66.5,145,"6,578,507.50",0.75,1.14
2008-11-08,66.5,67,65.5,65.75,"278,360",65.75,192,"18,386,233.25",-1.5,-2.23
2008-11-05,66.5,67.25,66,67.25,"328,478",67.25,343,"21,835,784.00",0.25,0.37
2008-11-04,68,69,66.5,67,"666,179",67,612,"44,944,826.75",-1.75,-2.55
2008-11-03,68,69.5,67.5,68.75,"196,514",68.75,262,"13,355,787.50",-0.25,-0.36
2008-11-02,68,69,67,69,"275,721",69,311,"18,666,299.00",-0.25,-0.36
2008-11-01,70.75,72.5,68.75,69.25,"142,899",69.25,178,"9,933,956.25",0.25,0.36
2008-10-29,66.75,69,65,69,"887,606",69,338,"58,837,113.75",1.75,2.6
2008-10-28,65.25,67.25,65.25,67.25,"245,566",67.25,210,"16,423,584.75",1.5,2.28
2008-10-27,67.25,67.25,64.25,65.75,"275,277",65.75,251,"18,109,198.25",-2,-2.95
2008-10-26,67.75,68,66.5,67.75,"224,697",67.75,152,"15,175,354.25",-1,-1.45
2008-10-25,69,69,67.75,68.75,"72,114",68.75,118,"4,925,050.75",-0.25,-0.36
2008-10-22,67.75,69.5,67.75,69,"397,733",69,259,"27,385,321.75",0.25,0.36
2008-10-21,66.5,68.75,66.5,68.75,"254,026",68.75,161,"17,265,377.00",0.75,1.1
2008-10-20,72.5,72.5,68,68,"311,688",68,282,"21,871,770.25",-5.25,-7.17
2008-10-19,72.5,73.5,72.5,73.25,"145,267",73.25,147,"10,625,818.00",-1.25,-1.68
2008-10-18,74,74.5,72.5,74.5,"286,512",74.5,191,"21,066,654.50",-0.25,-0.33
2008-10-15,75.5,75.5,73,74.75,"371,575",74.75,263,"27,505,052.25",-0.75,-0.99
2008-10-14,74.5,75.5,71.75,75.5,"864,421",75.5,424,"63,671,833.75",0,0
2008-10-13,75.25,75.5,73.5,75.5,"828,355",75.5,432,"61,576,988.25",-1,-1.31
2008-10-12,76.25,76.5,74.75,76.5,"358,498",76.5,314,"27,097,262.25",0,0
2008-10-11,72.5,76.5,72.5,76.5,"1,078,156",76.5,442,"80,776,757.75",1.75,2.34
2008-10-08,74,74.75,71.5,74.75,"674,375",74.75,439,"49,331,516.25",0.5,0.67
2008-10-07,69.25,74.25,69.25,74.25,"742,393",74.25,282,"52,673,351.50",3.75,5.32
2008-10-06,70,70.5,68.75,70.5,"418,362",70.5,218,"29,155,302.25",0.5,0.71
2008-09-28,68,70.25,67.5,70,"633,475",70,285,"43,859,263.50",2,2.94
2008-09-27,65.75,68,65.5,68,"887,810",68,243,"59,459,602.50",1.5,2.26
2008-09-24,65.75,66.5,65,66.5,"309,596",66.5,183,"20,442,352.75",-0.75,-1.12
2008-09-22,67,68,65.5,67.25,"1,114,900",67.25,384,"74,166,624.75",-0.75,-1.1
2008-09-21,67.75,68.75,66.25,68,"2,270,299",68,935,"153,485,515.50",-0.25,-0.37
2008-09-20,67.25,68.25,65.5,68.25,"2,353,092",68.25,433,"157,070,367.75",0.25,0.37
2008-09-17,67.75,68.75,65,68,"1,057,588",68,337,"70,804,808.00",-0.75,-1.09
2008-09-16,65.75,69.25,65.75,68.75,"1,196,637",68.75,286,"81,284,560.50",1.5,2.23
2008-09-15,66,67.25,64.75,67.25,"679,382",67.25,223,"44,739,824.50",0.25,0.37
2008-09-14,65.25,67.75,65.25,67,"617,235",67,278,"40,875,700.25",0.5,0.75
2008-09-13,66.5,67.25,63.5,66.5,"1,038,369",66.5,393,"67,790,303.25",-1.5,-2.21
2008-09-10,67.25,68.25,66.5,68,"402,658",68,218,"27,014,025.75",-0.5,-0.73
2008-09-09,67.5,69.5,66.5,68.5,"285,977",68.5,254,"19,280,943.75",1,1.48
2008-09-08,68.75,70,67.5,67.5,"244,698",67.5,225,"16,741,402.00",-1.25,-1.82
2008-09-07,69.25,69.5,67.75,68.75,"147,239",68.75,136,"10,144,417.50",-0.5,-0.72
2008-09-06,70.25,70.25,68.75,69.25,"187,966",69.25,142,"13,015,271.75",-1,-1.42
2008-09-03,70,70.25,69.5,70.25,"70,514",70.25,97,"4,929,114.00",-0.25,-0.35
2008-09-02,70,70.5,68.75,70.5,"306,268",70.5,196,"21,371,246.50",0.5,0.71
2008-09-01,70,70,68,70,"429,528",70,284,"29,773,067.25",-0.25,-0.36
2008-08-31,69.25,70.25,67,70.25,"379,369",70.25,261,"26,177,365.75",0.25,0.36
2008-08-30,70,70,65,70,"551,869",70,230,"38,312,070.75",-1,-1.41
2008-08-27,70,72.5,69.25,71,"451,091",71,338,"31,808,355.75",0,0
2008-08-26,71,72.5,69,71,"563,094",71,247,"39,690,336.50",0,0
2008-08-25,70.25,71,70,71,"417,324",71,348,"29,439,857.50",-0.25,-0.35
2008-08-24,80,80.5,79.75,80.5,"451,313",80.5,191,"36,159,765.25",-0.5,-0.62
2008-08-23,80,81,80,81,"1,037,825",81,318,"83,346,131.75",-0.5,-0.61
2008-08-20,80.5,81.5,79.25,81.5,"887,052",81.5,397,"71,334,143.00",0.25,0.31
2008-08-19,80.75,81.25,79.5,81.25,"633,976",81.25,317,"51,006,944.75",-0.25,-0.31
2008-08-18,80.75,81.5,80.75,81.5,"234,458",81.5,156,"19,019,977.50",0,0
2008-08-17,81.5,81.5,80.75,81.5,"260,169",81.5,234,"21,109,390.50",-0.5,-0.61
2008-08-16,82,82,81,82,"345,490",82,195,"28,180,564.75",-0.25,-0.3
2008-08-13,81.5,82.25,81.5,82.25,"530,001",82.25,286,"43,345,185.75",-0.25,-0.3
2008-08-12,82,82.5,81.25,82.5,"443,933",82.5,367,"36,354,714.25",0,0
2008-08-11,82.25,82.5,82,82.5,"117,369",82.5,130,"9,653,494.75",0.25,0.3
2008-08-10,82.25,82.5,82,82.25,"188,514",82.25,188,"15,514,066.00",0.25,0.3
2008-08-09,82.5,82.5,81.75,82,"214,297",82,145,"17,599,870.25",-0.75,-0.91
2008-08-06,82.75,82.75,82,82.75,"392,121",82.75,209,"32,280,608.00",0,0
2008-08-05,82.75,82.75,82.25,82.75,"178,606",82.75,131,"14,734,018.00",0,0
2008-08-04,82.75,83,82,82.75,"160,103",82.75,191,"13,189,691.25",-0.25,-0.3
2008-08-03,82.25,83,82,83,"574,362",83,371,"47,457,469.00",0.25,0.3
2008-08-02,83,83,81.75,82.75,"421,160",82.75,231,"34,668,746.25",-0.25,-0.3
2008-07-30,84,84,82,83,"467,412",83,280,"38,690,013.75",-0.5,-0.6
2008-07-29,83,83.5,82.25,83.5,"245,298",83.5,260,"20,335,399.50",0.5,0.6
2008-07-28,83.5,83.5,82.25,83,"312,620",83,217,"25,898,808.25",-0.5,-0.6
2008-07-27,83,83.5,82.5,83.5,"206,779",83.5,320,"17,163,407.75",-0.25,-0.3
2008-07-26,83.5,83.75,82,83.75,"486,328",83.75,355,"40,378,545.25",0,0
2008-07-23,83.5,84,81.5,83.75,"513,258",83.75,444,"42,602,850.00",0.25,0.3
2008-07-22,83,83.5,81.25,83.5,"510,903",83.5,315,"42,249,766.25",0.25,0.3
2008-07-21,81.5,83.25,79.75,83.25,"548,418",83.25,340,"45,021,821.25",1.75,2.15
2008-07-20,78.75,81.5,78.5,81.5,"321,763",81.5,206,"25,883,181.00",0.5,0.62
2008-07-19,79,81.25,78.25,81,"542,886",81,419,"43,237,118.75",0.5,0.62
2008-07-16,78.25,80.75,77,80.5,"828,319",80.5,482,"65,183,697.25",1.25,1.58
2008-07-15,76.25,79.25,75.25,79.25,"813,270",79.25,411,"62,940,981.75",3,3.93
2008-07-14,72.5,79.25,72.5,76.25,"917,889",76.25,498,"70,249,839.50",3,4.1
2008-07-13,69,71.25,69,71.25,"492,156",71.25,263,"34,411,488.00",1.5,2.15
2008-07-12,69.5,69.75,68,69.75,"132,675",69.75,192,"9,147,130.00",0,0
2008-07-09,67.5,69.75,65,69.75,"481,360",69.75,378,"32,152,499.00",1.75,2.57
2008-07-08,70.25,70.25,67.75,68,"318,663",68,229,"22,012,783.00",-2.75,-3.89
2008-07-07,71,71,70,70.75,"274,945",70.75,214,"19,300,372.50",-0.75,-1.05
2008-07-06,71.75,72,70.75,71.5,"175,860",71.5,173,"12,530,896.25",-1,-1.38
2008-07-05,72.25,72.5,71,72.5,"480,904",72.5,294,"34,495,208.75",0,0
2008-07-02,73,73.25,72,72.5,"311,763",72.5,152,"22,649,112.25",-0.75,-1.02
2008-07-01,73.25,73.25,72.5,73.25,"409,046",73.25,151,"29,830,520.50",0,0
2008-06-30,73.25,73.75,72.75,73.25,"239,678",73.25,143,"17,522,176.00",-0.75,-1.01
2008-06-29,73,74,72.5,74,"171,936",74,144,"12,605,180.75",0.25,0.34
2008-06-28,72.5,73.75,72.5,73.75,"96,672",73.75,108,"7,086,332.75",0,0
2008-06-25,74,74,72.5,73.75,"202,734",73.75,224,"14,842,152.50",-0.25,-0.34
2008-06-24,73.75,74.25,73.5,74,"111,217",74,142,"8,202,240.25",0,0
2008-06-23,73.5,74.5,73.25,74,"255,674",74,221,"18,920,802.00",0,0
2008-06-22,73.75,74,73.25,74,"205,835",74,170,"15,159,905.00",0,0
2008-06-21,74.5,74.5,73.25,74,"263,412",74,296,"19,421,256.25",-1,-1.33
2008-06-18,74.25,75,74,75,"154,240",75,248,"11,469,643.00",-0.25,-0.33
2008-06-17,75,75.25,74,75.25,"248,494",75.25,283,"18,521,227.75",0,0
2008-06-16,75.5,75.5,74,75.25,"185,426",75.25,195,"13,909,114.75",-0.25,-0.33
2008-06-15,75,75.75,74.75,75.5,"321,672",75.5,268,"24,207,169.75",0.25,0.33
2008-06-14,74.75,75.5,74,75.25,"312,715",75.25,238,"23,394,119.00",-0.5,-0.66
2008-06-11,75.25,75.5,74.75,75.75,"307,895",75.75,303,"23,132,816.00",0.25,0.33
2008-06-10,76,76.5,75.5,75.5,"367,705",75.5,365,"27,948,496.75",-0.75,-0.98
2008-06-09,77,77,76.25,76.25,"207,517",76.25,260,"15,895,053.75",-1.25,-1.61
2008-06-08,78,78,75.5,77.5,"292,797",77.5,444,"22,473,830.75",-0.5,-0.64
2008-06-07,78.25,79.25,77.75,78,"260,084",78,209,"20,331,091.75",-1,-1.27
2008-06-04,79,81.5,73.25,73.25,"1,152,079",73.25,609,"89,504,118.25",-7.5,-9.29
2008-06-03,80.5,84.75,78,80.75,"540,278",80.75,426,"43,802,629.00",-0.75,-0.92
2008-06-02,81.25,82,80,81.5,"271,249",81.5,290,"21,988,011.75",0,0
2008-06-01,81.75,82,80,81.5,"357,683",81.5,288,"29,019,705.00",-1.25,-1.51
2008-05-31,83,83.25,82.5,82.75,"178,088",82.75,210,"14,743,831.50",-0.5,-0.6
2008-05-28,82.5,83.5,82.5,83.25,"239,950",83.25,263,"19,931,767.75",-0.75,-0.89
2008-05-27,83.75,84.5,82,84,"425,133",84,410,"35,200,198.50",-0.5,-0.59
2008-05-26,83.75,84.5,82.75,84.5,"269,853",84.5,295,"22,548,873.00",0,0
2008-05-25,84.5,85,83.75,84.5,"292,857",84.5,276,"24,739,310.00",-1.5,-1.74
2008-05-24,84.5,86,84,86,"509,411",86,463,"43,357,781.75",0,0
2014-06-22,12.20,12.40,12.10,12.15,"2,029,715",12.15,501,"24,831,299.15",0.00,0.00
2014-06-22,12.20,12.40,12.10,12.15,"2,029,715",12.15,501,"24,831,299.15",0.00,0.00
2014-06-22,12.20,12.40,12.10,12.15,"2,029,715",12.15,501,"24,831,299.15",0.00,0.00
2014-06-29,12.10,12.10,12.05,12.09,"531,909",12.09,173,"6,427,331.30",-0.06,-0.49
2014-06-26,12.15,12.20,12.15,12.15,"2,074,798",12.15,293,"25,257,231.65",0.00,0.00
2014-06-25,12.15,12.25,12.10,12.15,"1,307,416",12.15,353,"15,928,872.35",0.03,0.25
2014-06-24,12.05,12.15,11.95,12.12,"2,221,799",12.12,413,"26,767,113.65",0.11,0.92
2014-06-23,12.15,12.20,11.95,12.01,"2,424,947",12.01,568,"29,205,600.25",-0.14,-1.15
2014-06-22,12.20,12.40,12.10,12.15,"2,029,715",12.15,501,"24,831,299.15",0.00,0.00
